0 1.54916 -1.76183e-19
1 1.97618 -2.21611e-16
2 2.11087 -2.17274e-16
3 2.12733 5.59123e-16
4 2.10277 4.46149e-16
5 2.06864 2.89254e-15
6 2.02915 3.78647e-15
7 1.98769 3.67859e-15
8 1.94379 9.93671e-16
9 1.89889 -6.72205e-16
10 1.85271 6.26219e-13
11 1.80623 -1.93929e-12
12 1.75923 7.27143e-12
13 1.71251 -7.33033e-11
14 1.666 -5.85654e-10
15 1.62042 5.15511e-09
16 1.57573 5.93782e-08
17 1.53257 3.13803e-07
18 1.49085 1.17112e-06
19 1.45106 3.50618e-06
20 1.41301 8.95918e-06
21 1.37705 2.02874e-05
22 1.34291 4.17707e-05
23 1.31083 7.97184e-05
24 1.28052 0.000143217
25 1.25212 0.000245327
26 1.22533 0.000405022
27 1.20028 0.000649948
28 1.17667 0.00101999
29 1.15461 0.00157092
30 1.13386 0.00237735
31 1.1145 0.00353347
32 1.09634 0.00515072
33 1.07948 0.0073512
34 1.06377 0.0102577
35 1.0493 0.0139807
36 1.03595 0.0186048
37 1.02382 0.0241771
38 1.0128 0.0306988
39 1.00297 0.0381228
40 0.994222 0.046356
41 0.986622 0.0552676
42 0.980051 0.0646985
43 0.97455 0.0744751
44 0.969998 0.0844184
45 0.96641 0.0943562
46 0.96366 0.104128
47 0.961743 0.113592
48 0.960528 0.122626
49 0.959994 0.131131
50 0.960007 0.139028
51 0.960533 0.146263
52 0.961437 0.152799
53 0.962678 0.158623
54 0.964125 0.163736
55 0.965733 0.168159
56 0.967381 0.171922
57 0.969025 0.175071
58 0.970559 0.177656
59 0.971947 0.179737
60 0.973099 0.181376
61 0.973992 0.182637
62 0.974556 0.183583
63 0.974782 0.184279
64 0.974621 0.184787
65 0.974078 0.185167
66 0.973124 0.185477
67 0.971779 0.185776
68 0.970033 0.186116
69 0.967917 0.186554
70 0.965433 0.187139
71 0.962624 0.187922
72 0.959503 0.188949
73 0.956116 0.190265
74 0.952482 0.191907
75 0.948651 0.19391
76 0.944645 0.196298
77 0.94051 0.199092
78 0.936269 0.2023
79 0.931965 0.205923
80 0.927616 0.209951
81 0.923261 0.214366
82 0.918914 0.219141
83 0.914607 0.224241
84 0.910348 0.229624
85 0.906163 0.235244
86 0.902056 0.241049
87 0.898044 0.246988
88 0.894127 0.253007
89 0.890318 0.259056
90 0.886612 0.265084
91 0.883016 0.271047
92 0.879522 0.276904
93 0.876135 0.282618
94 0.872843 0.28816
95 0.869647 0.293505
96 0.866537 0.298634
97 0.86351 0.303535
98 0.860555 0.3082
99 0.85767 0.312626
100 0.854842 0.316816
101 0.85207 0.320776
102 0.849341 0.324515
103 0.846654 0.328047
104 0.843999 0.331387
105 0.841373 0.334554
106 0.838769 0.337566
107 0.836186 0.340446
108 0.833615 0.343214
109 0.831058 0.345893
110 0.828508 0.348506
111 0.825967 0.351075
112 0.823429 0.35362
113 0.820898 0.356161
114 0.818368 0.358716
115 0.815844 0.361299
116 0.813322 0.363922
117 0.810805 0.366592
118 0.808292 0.369312
119 0.805785 0.372079
120 0.803285 0.374884
121 0.800794 0.377711
122 0.798312 0.380539
123 0.795845 0.383337
124 0.793391 0.386068
125 0.790957 0.388688
126 0.788545 0.391144
127 0.78616 0.39338
128 0.783806 0.395332
129 0.781491 0.396935
130 0.77922 0.398121
131 0.777001 0.398822
132 0.774842 0.398975
133 0.772753 0.398521
134 0.770742 0.397408
135 0.76882 0.395596
136 0.766996 0.393057
137 0.765282 0.38978
138 0.763687 0.385768
139 0.762222 0.381042
140 0.760895 0.375641
141 0.759716 0.369621
142 0.758691 0.363053
143 0.757829 0.356025
144 0.757133 0.348634
145 0.756606 0.340986
146 0.756251 0.333194
147 0.756067 0.325372
148 0.75605 0.317634
149 0.756198 0.310089
150 0.756501 0.302841
151 0.756952 0.295982
152 0.757538 0.289595
153 0.758247 0.283751
154 0.759061 0.278507
155 0.759965 0.273905
156 0.760938 0.269976
157 0.76196 0.266736
158 0.763009 0.264192
159 0.764065 0.262337
160 0.765102 0.261156
161 0.7661 0.260624
162 0.767036 0.260711
163 0.76789 0.26138
164 0.76864 0.262591
165 0.76927 0.264299
166 0.769761 0.266459
167 0.770101 0.269025
168 0.770275 0.27195
169 0.770276 0.275189
170 0.770095 0.278699
171 0.769728 0.282438
172 0.769171 0.286366
173 0.768427 0.290448
174 0.767495 0.294648
175 0.766382 0.298937
176 0.765093 0.303286
177 0.763638 0.30767
178 0.762025 0.312064
179 0.760268 0.316448
180 0.758377 0.320803
181 0.756368 0.32511
182 0.754254 0.329354
183 0.752052 0.333519
184 0.749777 0.337592
185 0.747446 0.34156
186 0.745075 0.345411
187 0.74268 0.349134
188 0.740279 0.35272
189 0.737886 0.35616
190 0.735518 0.359447
191 0.733191 0.362578
192 0.730918 0.365548
193 0.728714 0.368357
194 0.726592 0.371005
195 0.724564 0.373496
196 0.722641 0.375837
197 0.720833 0.378036
198 0.719149 0.380103
199 0.717597 0.382052
200 0.716182 0.383898
201 0.714911 0.385657
202 0.713785 0.387348
203 0.712807 0.388991
204 0.711978 0.390605
205 0.711296 0.392211
206 0.710758 0.393829
207 0.710362 0.395478
208 0.7101 0.397177
209 0.709966 0.398945
210 0.709952 0.400795
211 0.710049 0.402743
212 0.710246 0.4048
213 0.710532 0.406976
214 0.710894 0.409279
215 0.711321 0.411713
216 0.7118 0.414283
217 0.712316 0.416989
218 0.712856 0.419831
219 0.713408 0.422807
220 0.713958 0.425911
221 0.714494 0.42914
222 0.715003 0.432487
223 0.715475 0.435944
224 0.715899 0.439504
225 0.716265 0.44316
226 0.716565 0.446901
227 0.716791 0.450721
228 0.716937 0.454611
229 0.716997 0.458564
230 0.716968 0.462571
231 0.716846 0.466626
232 0.71663 0.470723
233 0.716319 0.474856
234 0.715913 0.479021
235 0.715413 0.483212
236 0.714821 0.487426
237 0.71414 0.49166
238 0.713374 0.495911
239 0.712528 0.500178
240 0.711605 0.504458
241 0.710612 0.508751
242 0.709553 0.513054
243 0.708436 0.517367
244 0.707266 0.521688
245 0.70605 0.526016
246 0.704795 0.530349
247 0.703506 0.534686
248 0.70219 0.539023
249 0.700854 0.543359
250 0.699504 0.547689
251 0.698145 0.552009
252 0.696783 0.556314
253 0.695423 0.560597
254 0.69407 0.564853
255 0.692729 0.569072
256 0.691404 0.573245
257 0.690098 0.577364
258 0.688814 0.581416
259 0.687556 0.585389
260 0.686325 0.58927
261 0.685124 0.593045
262 0.683954 0.5967
263 0.682816 0.600218
264 0.68171 0.603584
265 0.680637 0.60678
266 0.679597 0.609791
267 0.678589 0.6126
268 0.677613 0.615191
269 0.676668 0.617549
270 0.675752 0.619658
271 0.674864 0.621507
272 0.674002 0.623084
273 0.673166 0.62438
274 0.672353 0.625387
275 0.67156 0.626102
276 0.670788 0.626523
277 0.670032 0.626651
278 0.669292 0.626492
279 0.668565 0.626055
280 0.66785 0.62535
281 0.667145 0.624393
282 0.666447 0.623203
283 0.665756 0.621802
284 0.665069 0.620213
285 0.664385 0.618465
286 0.663703 0.616587
287 0.663021 0.61461
288 0.662338 0.612566
289 0.661653 0.61049
290 0.660965 0.608415
291 0.660272 0.606375
292 0.659575 0.604403
293 0.658872 0.602532
294 0.658162 0.60079
295 0.657445 0.599208
296 0.656721 0.59781
297 0.65599 0.596621
298 0.655249 0.59566
299 0.654501 0.594946
300 0.653744 0.594492
301 0.652977 0.594309
302 0.652202 0.594405
303 0.651418 0.594784
304 0.650624 0.595447
305 0.649821 0.596394
306 0.649009 0.59762
307 0.648188 0.599117
308 0.647357 0.600876
309 0.646517 0.602886
310 0.645667 0.605134
311 0.644809 0.607605
312 0.643941 0.610282
313 0.643064 0.613148
314 0.642178 0.616185
315 0.641283 0.619374
316 0.64038 0.622697
317 0.639469 0.626132
318 0.638549 0.629662
319 0.637623 0.633267
320 0.636689 0.636927
321 0.63575 0.640624
322 0.634805 0.644339
323 0.633855 0.648056
324 0.632903 0.651756
325 0.631948 0.655425
326 0.630993 0.659046
327 0.630038 0.662605
328 0.629087 0.666089
329 0.62814 0.669484
330 0.6272 0.672781
331 0.62627 0.675968
332 0.625352 0.679036
333 0.624448 0.681976
334 0.623562 0.684782
335 0.622698 0.687448
336 0.621857 0.689968
337 0.621043 0.692338
338 0.62026 0.694556
339 0.619512 0.696621
340 0.618801 0.698531
341 0.618131 0.700286
342 0.617504 0.701888
343 0.616925 0.70334
344 0.616396 0.704643
345 0.615918 0.705803
346 0.615495 0.706823
347 0.615127 0.707709
348 0.614816 0.708467
349 0.614563 0.709103
350 0.614368 0.709625
351 0.61423 0.71004
352 0.614148 0.710356
353 0.61412 0.710582
354 0.614145 0.710724
355 0.614219 0.710793
356 0.61434 0.710796
357 0.614503 0.710743
358 0.614706 0.710642
359 0.614942 0.710501
360 0.615208 0.71033
361 0.6155 0.710134
362 0.615811 0.709924
363 0.616138 0.709706
364 0.616475 0.709486
365 0.616818 0.709272
366 0.617162 0.70907
367 0.617504 0.708885
368 0.61784 0.708723
369 0.618165 0.708586
370 0.618478 0.708481
371 0.618775 0.708408
372 0.619053 0.708372
373 0.619312 0.708374
374 0.619549 0.708414
375 0.619763 0.708494
376 0.619954 0.708614
377 0.620121 0.708772
378 0.620263 0.708968
379 0.620382 0.709199
380 0.620477 0.709462
381 0.62055 0.709756
382 0.6206 0.710075
383 0.62063 0.710416
384 0.62064 0.710774
385 0.620632 0.711144
386 0.620608 0.711521
387 0.620569 0.711898
388 0.620516 0.71227
389 0.620452 0.712631
390 0.620378 0.712973
391 0.620296 0.713289
392 0.620207 0.713574
393 0.620114 0.713819
394 0.620016 0.714018
395 0.619915 0.714163
396 0.619813 0.714247
397 0.61971 0.714264
398 0.619607 0.714206
399 0.619504 0.714068
400 0.619402 0.713841
401 0.619299 0.713521
402 0.619197 0.713101
403 0.619094 0.712576
404 0.61899 0.71194
405 0.618883 0.71119
406 0.618773 0.710322
407 0.618659 0.709331
408 0.618538 0.708215
409 0.61841 0.706972
410 0.618273 0.705601
411 0.618126 0.7041
412 0.617966 0.702471
413 0.617793 0.700713
414 0.617604 0.698829
415 0.617399 0.696822
416 0.617175 0.694694
417 0.616932 0.69245
418 0.616668 0.690096
419 0.616383 0.687638
420 0.616076 0.685082
421 0.615746 0.682435
422 0.615393 0.679707
423 0.615017 0.676905
424 0.614617 0.67404
425 0.614195 0.671122
426 0.61375 0.66816
427 0.613284 0.665165
428 0.612797 0.662148
429 0.612291 0.65912
430 0.611767 0.656092
431 0.611226 0.653073
432 0.610669 0.650076
433 0.610099 0.64711
434 0.609516 0.644185
435 0.608923 0.641309
436 0.60832 0.638493
437 0.60771 0.635743
438 0.607093 0.633068
439 0.60647 0.630473
440 0.605844 0.627965
441 0.605213 0.625549
442 0.604579 0.623229
443 0.603942 0.621008
444 0.603301 0.61889
445 0.602657 0.616876
446 0.602009 0.614967
447 0.601356 0.613164
448 0.600697 0.611467
449 0.60003 0.609874
450 0.599355 0.608384
451 0.598671 0.606995
452 0.597975 0.605705
453 0.597266 0.60451
454 0.596542 0.603408
455 0.595804 0.602394
456 0.595048 0.601465
457 0.594274 0.600617
458 0.593482 0.599846
459 0.592671 0.599146
460 0.591841 0.598514
461 0.590991 0.597944
462 0.590123 0.597433
463 0.589236 0.596976
464 0.588333 0.596568
465 0.587414 0.596205
466 0.58648 0.595883
467 0.585534 0.595597
468 0.584577 0.595344
469 0.583611 0.595119
470 0.582638 0.594919
471 0.581662 0.59474
472 0.580682 0.594579
473 0.579703 0.594432
474 0.578725 0.594297
475 0.577751 0.594172
476 0.576781 0.594052
477 0.575819 0.593937
478 0.574864 0.593823
479 0.573918 0.59371
480 0.572981 0.593595
481 0.572055 0.593476
482 0.571139 0.593353
483 0.570233 0.593224
484 0.569337 0.593089
485 0.568451 0.592947
486 0.567575 0.592798
487 0.566707 0.592641
488 0.565848 0.592477
489 0.564995 0.592305
490 0.564149 0.592127
491 0.563308 0.591943
492 0.562472 0.591754
493 0.56164 0.591562
494 0.560811 0.591368
495 0.559985 0.591173
496 0.559161 0.59098
497 0.558338 0.59079
498 0.557517 0.590606
499 0.556697 0.59043
500 0.555879 0.590264
501 0.555062 0.590112
502 0.554248 0.589977
503 0.553435 0.58986
504 0.552625 0.589765
505 0.551818 0.589694
506 0.551014 0.589651
507 0.550215 0.589638
508 0.54942 0.589659
509 0.548631 0.589715
510 0.547847 0.58981
511 0.54707 0.589945
512 0.5463 0.590123
513 0.545537 0.590347
514 0.544781 0.590616
515 0.544033 0.590935
516 0.543293 0.591302
517 0.54256 0.591721
518 0.541835 0.592191
519 0.541118 0.592712
520 0.540408 0.593286
521 0.539704 0.593912
522 0.539008 0.594589
523 0.538317 0.595318
524 0.537632 0.596096
525 0.536951 0.596923
526 0.536275 0.597797
527 0.535602 0.598717
528 0.534933 0.59968
529 0.534266 0.600684
530 0.5336 0.601727
531 0.532936 0.602806
532 0.532273 0.603919
533 0.531609 0.605061
534 0.530945 0.60623
535 0.53028 0.607422
536 0.529614 0.608635
537 0.528947 0.609864
538 0.528277 0.611106
539 0.527605 0.612358
540 0.526931 0.613615
541 0.526255 0.614874
542 0.525576 0.616131
543 0.524895 0.617383
544 0.524211 0.618627
545 0.523525 0.619858
546 0.522836 0.621074
547 0.522145 0.622271
548 0.521453 0.623447
549 0.520758 0.624598
550 0.520062 0.625722
551 0.519365 0.626818
552 0.518666 0.627882
553 0.517967 0.628913
554 0.517267 0.629909
555 0.516568 0.63087
556 0.515868 0.631793
557 0.515169 0.63268
558 0.51447 0.633528
559 0.513773 0.634339
560 0.513077 0.635112
561 0.512383 0.635848
562 0.511691 0.636548
563 0.511002 0.637213
564 0.510315 0.637844
565 0.509632 0.638443
566 0.508952 0.639012
567 0.508276 0.639552
568 0.507604 0.640067
569 0.506936 0.640558
570 0.506274 0.641028
571 0.505616 0.641481
572 0.504963 0.641917
573 0.504316 0.642342
574 0.503675 0.642757
575 0.50304 0.643165
576 0.502412 0.643571
577 0.501789 0.643975
578 0.501174 0.644383
579 0.500565 0.644796
580 0.499963 0.645218
581 0.499368 0.645651
582 0.498781 0.646098
583 0.4982 0.646562
584 0.497626 0.647044
585 0.49706 0.647548
586 0.4965 0.648076
587 0.495948 0.648629
588 0.495402 0.64921
589 0.494862 0.649819
590 0.494329 0.650459
591 0.493803 0.65113
592 0.493282 0.651834
593 0.492766 0.652571
594 0.492256 0.653342
595 0.491751 0.654147
596 0.491251 0.654987
597 0.490755 0.65586
598 0.490262 0.656768
599 0.489774 0.657708
600 0.489288 0.658682
601 0.488806 0.659687
602 0.488325 0.660722
603 0.487847 0.661787
604 0.487371 0.662879
605 0.486897 0.663997
606 0.486424 0.665139
607 0.485952 0.666304
608 0.48548 0.667488
609 0.48501 0.668689
610 0.48454 0.669906
611 0.484071 0.671135
612 0.483603 0.672375
613 0.483135 0.673622
614 0.482667 0.674874
615 0.4822 0.676128
616 0.481734 0.677381
617 0.481269 0.678631
618 0.480805 0.679874
619 0.480342 0.681109
620 0.47988 0.682333
621 0.479421 0.683542
622 0.478963 0.684735
623 0.478507 0.685908
624 0.478053 0.687061
625 0.477602 0.68819
626 0.477153 0.689293
627 0.476707 0.690369
628 0.476265 0.691416
629 0.475825 0.692432
630 0.475389 0.693416
631 0.474957 0.694366
632 0.474528 0.695281
633 0.474102 0.69616
634 0.47368 0.697003
635 0.473262 0.697809
636 0.472847 0.698578
637 0.472436 0.699308
638 0.472029 0.700001
639 0.471625 0.700657
640 0.471224 0.701274
641 0.470826 0.701855
642 0.470432 0.702399
643 0.47004 0.702907
644 0.469652 0.703379
645 0.469266 0.703818
646 0.468882 0.704223
647 0.468502 0.704596
648 0.468123 0.704938
649 0.467747 0.705249
650 0.467374 0.705533
651 0.467002 0.705788
652 0.466633 0.706018
653 0.466266 0.706222
654 0.465902 0.706403
655 0.465539 0.706562
656 0.46518 0.706699
657 0.464822 0.706817
658 0.464468 0.706916
659 0.464116 0.706997
660 0.463767 0.707061
661 0.463421 0.70711
662 0.463079 0.707143
663 0.46274 0.707163
664 0.462405 0.707169
665 0.462074 0.707163
666 0.461747 0.707144
667 0.461424 0.707113
668 0.461107 0.70707
669 0.460794 0.707016
670 0.460486 0.706951
671 0.460184 0.706875
672 0.459887 0.706787
673 0.459596 0.706687
674 0.459311 0.706576
675 0.459032 0.706453
676 0.45876 0.706318
677 0.458493 0.70617
678 0.458233 0.706008
679 0.45798 0.705833
680 0.457733 0.705643
681 0.457492 0.705439
682 0.457258 0.705219
683 0.457031 0.704983
684 0.45681 0.704731
685 0.456595 0.704461
686 0.456387 0.704173
687 0.456185 0.703867
688 0.45599 0.703542
689 0.4558 0.703197
690 0.455617 0.702832
691 0.455439 0.702447
692 0.455267 0.702041
693 0.455101 0.701614
694 0.45494 0.701166
695 0.454785 0.700696
696 0.454634 0.700204
697 0.454489 0.699691
698 0.454349 0.699156
699 0.454213 0.6986
700 0.454083 0.698022
701 0.453957 0.697423
702 0.453835 0.696804
703 0.453718 0.696164
704 0.453606 0.695505
705 0.453498 0.694826
706 0.453394 0.694129
707 0.453295 0.693414
708 0.4532 0.692683
709 0.453109 0.691935
710 0.453023 0.691173
711 0.452941 0.690396
712 0.452863 0.689606
713 0.452791 0.688804
714 0.452722 0.687992
715 0.452659 0.687169
716 0.4526 0.686338
717 0.452545 0.6855
718 0.452496 0.684656
719 0.452451 0.683807
720 0.452411 0.682954
721 0.452376 0.682098
722 0.452346 0.681242
723 0.452322 0.680385
724 0.452301 0.679529
725 0.452286 0.678675
726 0.452276 0.677824
727 0.452271 0.676977
728 0.45227 0.676136
729 0.452274 0.6753
730 0.452282 0.674472
731 0.452295 0.673651
732 0.452312 0.672838
733 0.452333 0.672035
734 0.452358 0.671241
735 0.452386 0.670457
736 0.452418 0.669684
737 0.452452 0.668922
738 0.452489 0.668171
739 0.452529 0.667432
740 0.45257 0.666704
741 0.452613 0.665988
742 0.452658 0.665283
743 0.452703 0.664589
744 0.452749 0.663907
745 0.452795 0.663236
746 0.45284 0.662575
747 0.452885 0.661924
748 0.452929 0.661283
749 0.452971 0.660651
750 0.453012 0.660027
751 0.45305 0.659411
752 0.453085 0.658802
753 0.453118 0.658199
754 0.453148 0.657601
755 0.453173 0.657008
756 0.453195 0.656418
757 0.453213 0.65583
758 0.453227 0.655244
759 0.453236 0.654658
760 0.45324 0.654071
761 0.45324 0.653482
762 0.453234 0.65289
763 0.453223 0.652294
764 0.453207 0.651693
765 0.453185 0.651085
766 0.453158 0.65047
767 0.453126 0.649847
768 0.453089 0.649214
769 0.453046 0.64857
770 0.452997 0.647915
771 0.452944 0.647247
772 0.452885 0.646566
773 0.452822 0.645871
774 0.452753 0.64516
775 0.45268 0.644433
776 0.452602 0.64369
777 0.45252 0.64293
778 0.452434 0.642151
779 0.452343 0.641354
780 0.452249 0.640539
781 0.45215 0.639704
782 0.452048 0.638849
783 0.451943 0.637975
784 0.451835 0.63708
785 0.451723 0.636165
786 0.451609 0.63523
787 0.451492 0.634275
788 0.451372 0.633299
789 0.451251 0.632303
790 0.451126 0.631287
791 0.451 0.630252
792 0.450872 0.629197
793 0.450742 0.628123
794 0.450611 0.62703
795 0.450478 0.625918
796 0.450343 0.624789
797 0.450208 0.623642
798 0.450071 0.622479
799 0.449933 0.621299
800 0.449794 0.620103
801 0.449654 0.618892
802 0.449514 0.617666
803 0.449373 0.616426
804 0.449231 0.615172
805 0.449088 0.613906
806 0.448945 0.612627
807 0.448802 0.611337
808 0.448658 0.610035
809 0.448514 0.608723
810 0.44837 0.6074
811 0.448226 0.606068
812 0.448081 0.604728
813 0.447937 0.603378
814 0.447792 0.602021
815 0.447648 0.600657
816 0.447504 0.599285
817 0.447361 0.597907
818 0.447217 0.596522
819 0.447074 0.595132
820 0.446932 0.593737
821 0.44679 0.592336
822 0.446648 0.590931
823 0.446507 0.589522
824 0.446367 0.588108
825 0.446228 0.58669
826 0.446089 0.58527
827 0.445951 0.583846
828 0.445814 0.582419
829 0.445679 0.580989
830 0.445544 0.579557
831 0.44541 0.578123
832 0.445277 0.576688
833 0.445146 0.57525
834 0.445016 0.573812
835 0.444887 0.572373
836 0.444759 0.570933
837 0.444632 0.569493
838 0.444507 0.568052
839 0.444384 0.566613
840 0.444261 0.565174
841 0.44414 0.563737
842 0.44402 0.562301
843 0.443902 0.560867
844 0.443785 0.559436
845 0.44367 0.558008
846 0.443556 0.556584
847 0.443444 0.555164
848 0.443332 0.553749
849 0.443223 0.552339
850 0.443114 0.550935
851 0.443008 0.549538
852 0.442902 0.548148
853 0.442798 0.546767
854 0.442696 0.545394
855 0.442594 0.54403
856 0.442494 0.542676
857 0.442396 0.541334
858 0.442298 0.540003
859 0.442202 0.538684
860 0.442107 0.537378
861 0.442014 0.536087
862 0.441922 0.534809
863 0.441831 0.533548
864 0.441741 0.532302
865 0.441652 0.531073
866 0.441565 0.529861
867 0.441479 0.528668
868 0.441394 0.527493
869 0.44131 0.526338
870 0.441227 0.525202
871 0.441146 0.524087
872 0.441066 0.522993
873 0.440988 0.521921
874 0.44091 0.520871
875 0.440834 0.519843
876 0.440759 0.518838
877 0.440685 0.517856
878 0.440613 0.516897
879 0.440542 0.515962
880 0.440472 0.515051
881 0.440404 0.514164
882 0.440337 0.513301
883 0.440272 0.512462
884 0.440208 0.511647
885 0.440146 0.510856
886 0.440085 0.510089
887 0.440027 0.509347
888 0.439969 0.508627
889 0.439914 0.507931
890 0.439859 0.507258
891 0.439807 0.506609
892 0.439756 0.505981
893 0.439707 0.505376
894 0.43966 0.504792
895 0.439615 0.504229
896 0.439571 0.503687
897 0.439529 0.503165
898 0.439489 0.502662
899 0.439451 0.502179
900 0.439414 0.501714
901 0.43938 0.501267
902 0.439347 0.500836
903 0.439316 0.500423
904 0.439287 0.500024
905 0.43926 0.499641
906 0.439235 0.499273
907 0.439212 0.498918
908 0.43919 0.498576
909 0.43917 0.498246
910 0.439152 0.497928
911 0.439137 0.497621
912 0.439123 0.497324
913 0.439112 0.497037
914 0.439102 0.496759
915 0.439094 0.496489
916 0.439088 0.496227
917 0.439085 0.495972
918 0.439084 0.495724
919 0.439085 0.495481
920 0.439088 0.495244
921 0.439094 0.495012
922 0.439101 0.494784
923 0.439112 0.494561
924 0.439125 0.49434
925 0.43914 0.494123
926 0.439158 0.493908
927 0.43918 0.493696
928 0.439203 0.493485
929 0.43923 0.493277
930 0.43926 0.493069
931 0.439293 0.492863
932 0.439329 0.492657
933 0.439369 0.492452
934 0.439412 0.492247
935 0.439459 0.492042
936 0.439508 0.491837
937 0.439562 0.491632
938 0.43962 0.491427
939 0.439682 0.491221
940 0.439747 0.491015
941 0.439816 0.490808
942 0.439889 0.4906
943 0.439968 0.490392
944 0.440049 0.490182
945 0.440136 0.489972
946 0.440226 0.489761
947 0.440321 0.489549
948 0.440419 0.489336
949 0.440523 0.489122
950 0.440631 0.488908
951 0.440743 0.488692
952 0.440859 0.488475
953 0.44098 0.488258
954 0.441105 0.488039
955 0.441234 0.48782
956 0.441367 0.4876
957 0.441504 0.48738
958 0.441645 0.487158
959 0.44179 0.486936
960 0.441938 0.486714
961 0.442091 0.48649
962 0.442246 0.486267
963 0.442406 0.486043
964 0.442567 0.485818
965 0.442733 0.485593
966 0.4429 0.485368
967 0.443071 0.485143
968 0.443244 0.484917
969 0.44342 0.484692
970 0.443597 0.484467
971 0.443777 0.484242
972 0.443958 0.484017
973 0.444141 0.483793
974 0.444325 0.483569
975 0.444511 0.483346
976 0.444697 0.483123
977 0.444885 0.482902
978 0.445073 0.482681
979 0.445261 0.482462
980 0.44545 0.482245
981 0.445639 0.482029
982 0.445827 0.481814
983 0.446016 0.481602
984 0.446203 0.481391
985 0.446391 0.481183
986 0.446577 0.480977
987 0.446764 0.480775
988 0.446948 0.480575
989 0.447132 0.480378
990 0.447313 0.480185
991 0.447494 0.479995
992 0.447673 0.47981
993 0.44785 0.479628
994 0.448025 0.479451
995 0.448199 0.479279
996 0.448369 0.479112
997 0.448539 0.47895
998 0.448705 0.478794
999 0.44887 0.478644
1000 0.449031 0.4785
1001 0.44919 0.478362
1002 0.449346 0.478231
1003 0.4495 0.478107
1004 0.44965 0.47799
1005 0.449798 0.477881
1006 0.449942 0.47778
1007 0.450084 0.477687
1008 0.450222 0.477602
1009 0.450358 0.477526
1010 0.450489 0.477458
1011 0.450618 0.477401
1012 0.450742 0.477352
1013 0.450864 0.477313
1014 0.450982 0.477284
1015 0.451097 0.477265
1016 0.451207 0.477256
1017 0.451315 0.477257
1018 0.451418 0.477269
1019 0.451518 0.477292
1020 0.451613 0.477326
1021 0.451706 0.477371
1022 0.451793 0.477427
1023 0.451878 0.477494
1024 0.451958 0.477572
1025 0.452034 0.477662
1026 0.452106 0.477763
1027 0.452174 0.477876
1028 0.452237 0.477999
1029 0.452297 0.478135
1030 0.452352 0.478281
1031 0.452404 0.478439
1032 0.45245 0.478607
1033 0.452493 0.478787
1034 0.452531 0.478978
1035 0.452565 0.47918
1036 0.452594 0.479392
1037 0.45262 0.479615
1038 0.45264 0.479848
1039 0.452657 0.480091
1040 0.452668 0.480344
1041 0.452676 0.480607
1042 0.452679 0.480879
1043 0.452678 0.48116
1044 0.452672 0.48145
1045 0.452662 0.481749
1046 0.452647 0.482056
1047 0.452628 0.482371
1048 0.452604 0.482693
1049 0.452577 0.483023
1050 0.452544 0.483359
1051 0.452508 0.483702
1052 0.452467 0.484052
1053 0.452422 0.484407
1054 0.452372 0.484768
1055 0.452319 0.485134
1056 0.452261 0.485505
1057 0.4522 0.48588
1058 0.452133 0.48626
1059 0.452064 0.486643
1060 0.451989 0.48703
1061 0.451912 0.48742
1062 0.45183 0.487812
1063 0.451744 0.488207
1064 0.451655 0.488604
1065 0.451562 0.489002
1066 0.451464 0.489402
1067 0.451364 0.489804
1068 0.451259 0.490206
1069 0.451152 0.490608
1070 0.45104 0.491011
1071 0.450926 0.491414
1072 0.450808 0.491817
1073 0.450687 0.49222
1074 0.450561 0.492622
1075 0.450434 0.493023
1076 0.450302 0.493423
1077 0.450168 0.493822
1078 0.450031 0.494219
1079 0.449891 0.494615
1080 0.449747 0.49501
1081 0.449601 0.495403
1082 0.449452 0.495793
1083 0.4493 0.496182
1084 0.449145 0.496569
1085 0.448988 0.496954
1086 0.448827 0.497337
1087 0.448665 0.497718
1088 0.448499 0.498096
1089 0.448332 0.498472
1090 0.448161 0.498846
1091 0.447989 0.499217
1092 0.447813 0.499587
1093 0.447636 0.499954
1094 0.447455 0.500318
1095 0.447274 0.500681
1096 0.447089 0.501041
1097 0.446903 0.5014
1098 0.446714 0.501756
1099 0.446523 0.50211
1100 0.44633 0.502462
1101 0.446135 0.502812
1102 0.445938 0.50316
1103 0.44574 0.503506
1104 0.445539 0.50385
1105 0.445337 0.504193
1106 0.445132 0.504533
1107 0.444927 0.504872
1108 0.444719 0.50521
1109 0.44451 0.505546
1110 0.444299 0.50588
1111 0.444087 0.506213
1112 0.443873 0.506544
1113 0.443658 0.506874
1114 0.443441 0.507202
1115 0.443224 0.507529
1116 0.443005 0.507855
1117 0.442785 0.50818
1118 0.442563 0.508503
1119 0.442341 0.508825
1120 0.442117 0.509146
1121 0.441893 0.509465
1122 0.441667 0.509784
1123 0.441441 0.510101
1124 0.441214 0.510417
1125 0.440986 0.510732
1126 0.440758 0.511045
1127 0.440529 0.511358
1128 0.440299 0.511669
1129 0.440069 0.511979
1130 0.439839 0.512288
1131 0.439608 0.512596
1132 0.439377 0.512902
1133 0.439145 0.513208
1134 0.438914 0.513512
1135 0.438682 0.513815
1136 0.43845 0.514116
1137 0.438219 0.514417
1138 0.437987 0.514716
1139 0.437756 0.515014
1140 0.437525 0.51531
1141 0.437294 0.515606
1142 0.437063 0.515899
1143 0.436834 0.516192
1144 0.436604 0.516483
1145 0.436375 0.516773
1146 0.436146 0.517062
1147 0.435919 0.51735
1148 0.435691 0.517635
1149 0.435465 0.51792
1150 0.43524 0.518203
1151 0.435016 0.518486
1152 0.434792 0.518766
1153 0.43457 0.519045
1154 0.434348 0.519323
1155 0.434128 0.5196
1156 0.433909 0.519875
1157 0.433691 0.520149
1158 0.433474 0.520422
1159 0.433259 0.520693
1160 0.433045 0.520963
1161 0.432833 0.521232
1162 0.432622 0.521499
1163 0.432413 0.521765
1164 0.432205 0.52203
1165 0.431999 0.522293
1166 0.431794 0.522555
1167 0.431592 0.522816
1168 0.43139 0.523075
1169 0.431191 0.523333
1170 0.430993 0.52359
1171 0.430798 0.523845
1172 0.430604 0.524099
1173 0.430412 0.524352
1174 0.430221 0.524603
1175 0.430033 0.524853
1176 0.429847 0.525101
1177 0.429662 0.525348
1178 0.42948 0.525594
1179 0.429299 0.525838
1180 0.429121 0.52608
1181 0.428944 0.526321
1182 0.428769 0.52656
1183 0.428597 0.526797
1184 0.428426 0.527033
1185 0.428258 0.527266
1186 0.428091 0.527498
1187 0.427927 0.527728
1188 0.427764 0.527957
1189 0.427603 0.528183
1190 0.427445 0.528407
1191 0.427288 0.528629
1192 0.427133 0.528848
1193 0.426981 0.529066
1194 0.42683 0.529281
1195 0.426681 0.529493
1196 0.426534 0.529703
1197 0.426389 0.529911
1198 0.426246 0.530115
1199 0.426105 0.530318
1200 0.425965 0.530517
1201 0.425827 0.530713
1202 0.425691 0.530906
1203 0.425558 0.531097
1204 0.425425 0.531284
1205 0.425295 0.531468
1206 0.425166 0.531648
1207 0.425039 0.531825
1208 0.424913 0.531999
1209 0.42479 0.532169
1210 0.424668 0.532336
1211 0.424547 0.532499
1212 0.424428 0.532658
1213 0.424311 0.532814
1214 0.424195 0.532966
1215 0.424081 0.533114
1216 0.423968 0.533258
1217 0.423857 0.533398
1218 0.423747 0.533534
1219 0.423639 0.533666
1220 0.423531 0.533794
1221 0.423426 0.533918
1222 0.423321 0.534038
1223 0.423219 0.534153
1224 0.423117 0.534265
1225 0.423017 0.534373
1226 0.422917 0.534476
1227 0.42282 0.534575
1228 0.422723 0.53467
1229 0.422628 0.534762
1230 0.422533 0.534849
1231 0.422441 0.534932
1232 0.422348 0.53501
1233 0.422258 0.535085
1234 0.422168 0.535156
1235 0.42208 0.535223
1236 0.421992 0.535286
1237 0.421906 0.535345
1238 0.421821 0.5354
1239 0.421737 0.535452
1240 0.421653 0.535499
1241 0.421572 0.535543
1242 0.42149 0.535583
1243 0.421411 0.53562
1244 0.421331 0.535653
1245 0.421254 0.535682
1246 0.421176 0.535708
1247 0.421101 0.53573
1248 0.421026 0.535748
1249 0.420952 0.535763
1250 0.420879 0.535775
1251 0.420807 0.535783
1252 0.420736 0.535788
1253 0.420667 0.535789
1254 0.420598 0.535787
1255 0.42053 0.535782
1256 0.420464 0.535773
1257 0.420398 0.535761
1258 0.420334 0.535746
1259 0.420271 0.535727
1260 0.420209 0.535705
1261 0.420148 0.53568
1262 0.420088 0.535651
1263 0.42003 0.535618
1264 0.419972 0.535583
1265 0.419916 0.535543
1266 0.419862 0.535501
1267 0.419808 0.535454
1268 0.419756 0.535405
1269 0.419706 0.535351
1270 0.419656 0.535294
1271 0.419609 0.535233
1272 0.419562 0.535169
1273 0.419517 0.535101
1274 0.419474 0.535029
1275 0.419432 0.534953
1276 0.419392 0.534873
1277 0.419353 0.534789
1278 0.419316 0.534701
1279 0.419281 0.534609
1280 0.419247 0.534513
1281 0.419215 0.534413
1282 0.419185 0.534308
1283 0.419157 0.5342
1284 0.41913 0.534087
1285 0.419106 0.533969
1286 0.419083 0.533847
1287 0.419062 0.533721
1288 0.419043 0.53359
1289 0.419026 0.533455
1290 0.419011 0.533315
1291 0.418998 0.53317
1292 0.418987 0.533021
1293 0.418978 0.532867
1294 0.41897 0.532708
1295 0.418966 0.532545
1296 0.418963 0.532376
1297 0.418962 0.532203
1298 0.418963 0.532026
1299 0.418967 0.531843
1300 0.418972 0.531656
1301 0.41898 0.531463
1302 0.418989 0.531266
1303 0.419001 0.531064
1304 0.419015 0.530858
1305 0.419032 0.530646
1306 0.41905 0.530429
1307 0.41907 0.530208
1308 0.419093 0.529982
1309 0.419118 0.529751
1310 0.419144 0.529515
1311 0.419173 0.529274
1312 0.419204 0.529028
1313 0.419238 0.528778
1314 0.419273 0.528523
1315 0.419311 0.528263
1316 0.41935 0.527998
1317 0.419392 0.527728
1318 0.419435 0.527454
1319 0.419481 0.527175
1320 0.419529 0.526891
1321 0.419579 0.526603
1322 0.419631 0.52631
1323 0.419685 0.526012
1324 0.41974 0.52571
1325 0.419798 0.525403
1326 0.419858 0.525091
1327 0.41992 0.524775
1328 0.419983 0.524454
1329 0.420049 0.524129
1330 0.420116 0.523799
1331 0.420186 0.523464
1332 0.420257 0.523125
1333 0.42033 0.522782
1334 0.420404 0.522434
1335 0.420481 0.522081
1336 0.420559 0.521724
1337 0.420639 0.521363
1338 0.42072 0.520997
1339 0.420804 0.520627
1340 0.420889 0.520253
1341 0.420975 0.519874
1342 0.421063 0.519492
1343 0.421153 0.519104
1344 0.421244 0.518713
1345 0.421336 0.518318
1346 0.42143 0.517918
1347 0.421526 0.517514
1348 0.421622 0.517106
1349 0.42172 0.516694
1350 0.42182 0.516279
1351 0.42192 0.515859
1352 0.422022 0.515435
1353 0.422125 0.515008
1354 0.422229 0.514577
1355 0.422335 0.514142
1356 0.422441 0.513704
1357 0.422549 0.513262
1358 0.422657 0.512816
1359 0.422767 0.512367
1360 0.422877 0.511915
1361 0.422989 0.511459
1362 0.423101 0.511001
1363 0.423214 0.510539
1364 0.423328 0.510074
1365 0.423442 0.509607
1366 0.423558 0.509136
1367 0.423674 0.508663
1368 0.423791 0.508187
1369 0.423908 0.507709
1370 0.424026 0.507228
1371 0.424145 0.506745
1372 0.424264 0.50626
1373 0.424383 0.505773
1374 0.424503 0.505284
1375 0.424624 0.504792
1376 0.424745 0.5043
1377 0.424867 0.503805
1378 0.424988 0.503309
1379 0.425111 0.502812
1380 0.425233 0.502313
1381 0.425356 0.501814
1382 0.425479 0.501313
1383 0.425603 0.500811
1384 0.425726 0.500309
1385 0.425851 0.499806
1386 0.425975 0.499302
1387 0.426099 0.498798
1388 0.426224 0.498293
1389 0.426349 0.497789
1390 0.426474 0.497284
1391 0.426599 0.496779
1392 0.426724 0.496274
1393 0.42685 0.49577
1394 0.426976 0.495265
1395 0.427101 0.494762
1396 0.427227 0.494258
1397 0.427353 0.493756
1398 0.42748 0.493254
1399 0.427606 0.492752
1400 0.427732 0.492252
1401 0.427859 0.491753
1402 0.427986 0.491254
1403 0.428112 0.490757
1404 0.428239 0.490261
1405 0.428366 0.489766
1406 0.428493 0.489272
1407 0.428621 0.48878
1408 0.428748 0.48829
1409 0.428876 0.487801
1410 0.429003 0.487313
1411 0.429131 0.486828
1412 0.429259 0.486343
1413 0.429387 0.485861
1414 0.429515 0.485381
1415 0.429643 0.484902
1416 0.429771 0.484426
1417 0.4299 0.483951
1418 0.430029 0.483478
1419 0.430157 0.483008
1420 0.430286 0.48254
1421 0.430415 0.482074
1422 0.430545 0.48161
1423 0.430674 0.481148
1424 0.430803 0.480689
1425 0.430933 0.480232
1426 0.431063 0.479778
1427 0.431193 0.479326
1428 0.431323 0.478877
1429 0.431453 0.47843
1430 0.431584 0.477986
1431 0.431714 0.477545
1432 0.431845 0.477107
1433 0.431976 0.476671
1434 0.432107 0.476238
1435 0.432238 0.475808
1436 0.432369 0.475381
1437 0.432501 0.474957
1438 0.432632 0.474536
1439 0.432764 0.474119
1440 0.432896 0.473704
1441 0.433028 0.473293
1442 0.43316 0.472885
1443 0.433293 0.47248
1444 0.433425 0.472079
1445 0.433558 0.471682
1446 0.43369 0.471288
1447 0.433823 0.470897
1448 0.433956 0.47051
1449 0.434089 0.470127
1450 0.434222 0.469748
1451 0.434355 0.469373
1452 0.434488 0.469001
1453 0.434621 0.468634
1454 0.434755 0.46827
1455 0.434888 0.467911
1456 0.435021 0.467556
1457 0.435155 0.467205
1458 0.435288 0.466858
1459 0.435422 0.466516
1460 0.435555 0.466178
1461 0.435689 0.465845
1462 0.435822 0.465516
1463 0.435956 0.465192
1464 0.436089 0.464872
1465 0.436223 0.464557
1466 0.436356 0.464247
1467 0.43649 0.463941
1468 0.436623 0.46364
1469 0.436756 0.463344
1470 0.436889 0.463053
1471 0.437022 0.462768
1472 0.437155 0.462487
1473 0.437288 0.462211
1474 0.43742 0.46194
1475 0.437553 0.461674
1476 0.437685 0.461413
1477 0.437817 0.461158
1478 0.437949 0.460908
1479 0.438081 0.460663
1480 0.438212 0.460424
1481 0.438344 0.460189
1482 0.438475 0.45996
1483 0.438606 0.459737
1484 0.438736 0.459519
1485 0.438866 0.459306
1486 0.438996 0.459099
1487 0.439126 0.458897
1488 0.439255 0.458701
1489 0.439384 0.45851
1490 0.439513 0.458325
1491 0.439642 0.458146
1492 0.439769 0.457972
1493 0.439897 0.457803
1494 0.440024 0.45764
1495 0.440151 0.457483
1496 0.440277 0.457332
1497 0.440403 0.457186
1498 0.440529 0.457045
1499 0.440654 0.456911
1500 0.440779 0.456782
1501 0.440903 0.456659
1502 0.441026 0.456541
1503 0.44115 0.456429
1504 0.441272 0.456323
1505 0.441394 0.456222
1506 0.441516 0.456127
1507 0.441637 0.456038
1508 0.441758 0.455955
1509 0.441878 0.455877
1510 0.441997 0.455805
1511 0.442116 0.455738
1512 0.442235 0.455677
1513 0.442353 0.455622
1514 0.44247 0.455572
1515 0.442587 0.455528
1516 0.442703 0.45549
1517 0.442819 0.455457
1518 0.442934 0.45543
1519 0.443048 0.455408
1520 0.443162 0.455392
1521 0.443275 0.455381
1522 0.443388 0.455376
1523 0.4435 0.455376
1524 0.443612 0.455381
1525 0.443723 0.455392
1526 0.443833 0.455408
1527 0.443943 0.45543
1528 0.444052 0.455457
1529 0.444161 0.455489
1530 0.444269 0.455526
1531 0.444377 0.455568
1532 0.444483 0.455616
1533 0.44459 0.455669
1534 0.444696 0.455726
1535 0.444801 0.455789
1536 0.444906 0.455856
1537 0.44501 0.455928
1538 0.445113 0.456005
1539 0.445217 0.456087
1540 0.445319 0.456174
1541 0.445421 0.456265
1542 0.445522 0.45636
1543 0.445623 0.45646
1544 0.445724 0.456565
1545 0.445823 0.456674
1546 0.445923 0.456787
1547 0.446021 0.456904
1548 0.446119 0.457026
1549 0.446217 0.457152
1550 0.446314 0.457281
1551 0.446411 0.457415
1552 0.446507 0.457552
1553 0.446602 0.457694
1554 0.446697 0.457839
1555 0.446791 0.457987
1556 0.446885 0.458139
1557 0.446978 0.458295
1558 0.447071 0.458454
1559 0.447163 0.458617
1560 0.447255 0.458782
1561 0.447346 0.458951
1562 0.447436 0.459123
1563 0.447526 0.459298
1564 0.447615 0.459476
1565 0.447704 0.459657
1566 0.447792 0.459841
1567 0.447879 0.460027
1568 0.447966 0.460216
1569 0.448052 0.460408
1570 0.448138 0.460602
1571 0.448223 0.460799
1572 0.448307 0.460998
1573 0.448391 0.461199
1574 0.448473 0.461403
1575 0.448556 0.461608
1576 0.448637 0.461816
1577 0.448718 0.462026
1578 0.448798 0.462237
1579 0.448877 0.462451
1580 0.448956 0.462666
1581 0.449033 0.462884
1582 0.44911 0.463102
1583 0.449187 0.463323
1584 0.449262 0.463545
1585 0.449336 0.463769
1586 0.44941 0.463994
1587 0.449483 0.46422
1588 0.449555 0.464448
1589 0.449626 0.464677
1590 0.449696 0.464907
1591 0.449766 0.465139
1592 0.449834 0.465372
1593 0.449901 0.465605
1594 0.449968 0.46584
1595 0.450033 0.466076
1596 0.450098 0.466312
1597 0.450161 0.46655
1598 0.450224 0.466788
1599 0.450285 0.467027
1600 0.450345 0.467267
1601 0.450405 0.467508
1602 0.450463 0.467749
1603 0.45052 0.467991
1604 0.450576 0.468233
1605 0.450631 0.468476
1606 0.450685 0.468719
1607 0.450738 0.468963
1608 0.450789 0.469207
1609 0.450839 0.469452
1610 0.450888 0.469697
1611 0.450936 0.469942
1612 0.450983 0.470187
1613 0.451029 0.470433
1614 0.451073 0.470678
1615 0.451116 0.470924
1616 0.451158 0.47117
1617 0.451198 0.471416
1618 0.451237 0.471662
1619 0.451275 0.471908
1620 0.451312 0.472154
1621 0.451347 0.4724
1622 0.451381 0.472646
1623 0.451413 0.472892
1624 0.451445 0.473138
1625 0.451475 0.473383
1626 0.451503 0.473628
1627 0.45153 0.473873
1628 0.451556 0.474118
1629 0.451581 0.474362
1630 0.451604 0.474606
1631 0.451625 0.474849
1632 0.451645 0.475093
1633 0.451664 0.475336
1634 0.451682 0.475578
1635 0.451698 0.47582
1636 0.451712 0.476061
1637 0.451725 0.476302
1638 0.451737 0.476542
1639 0.451747 0.476782
1640 0.451756 0.477021
1641 0.451764 0.47726
1642 0.45177 0.477498
1643 0.451774 0.477735
1644 0.451777 0.477972
1645 0.451779 0.478208
1646 0.451779 0.478443
1647 0.451778 0.478677
1648 0.451775 0.478911
1649 0.451771 0.479144
1650 0.451765 0.479376
1651 0.451758 0.479607
1652 0.45175 0.479838
1653 0.45174 0.480067
1654 0.451729 0.480296
1655 0.451716 0.480523
1656 0.451702 0.48075
1657 0.451686 0.480976
1658 0.451669 0.481201
1659 0.451651 0.481425
1660 0.451631 0.481648
1661 0.45161 0.48187
1662 0.451588 0.48209
1663 0.451564 0.48231
1664 0.451538 0.482529
1665 0.451512 0.482746
1666 0.451484 0.482963
1667 0.451454 0.483178
1668 0.451424 0.483392
1669 0.451392 0.483605
1670 0.451358 0.483817
1671 0.451324 0.484028
1672 0.451288 0.484237
1673 0.45125 0.484445
1674 0.451212 0.484652
1675 0.451172 0.484857
1676 0.451131 0.485062
1677 0.451088 0.485265
1678 0.451045 0.485466
1679 0.451 0.485667
1680 0.450953 0.485866
1681 0.450906 0.486064
1682 0.450858 0.48626
1683 0.450808 0.486455
1684 0.450757 0.486648
1685 0.450705 0.48684
1686 0.450651 0.487031
1687 0.450597 0.48722
1688 0.450541 0.487408
1689 0.450484 0.487595
1690 0.450426 0.48778
1691 0.450367 0.487963
1692 0.450307 0.488145
1693 0.450246 0.488326
1694 0.450183 0.488505
1695 0.45012 0.488682
1696 0.450055 0.488858
1697 0.44999 0.489033
1698 0.449923 0.489206
1699 0.449855 0.489377
1700 0.449786 0.489547
1701 0.449717 0.489716
1702 0.449646 0.489883
1703 0.449574 0.490048
1704 0.449501 0.490212
1705 0.449427 0.490375
1706 0.449352 0.490536
1707 0.449277 0.490695
1708 0.4492 0.490853
1709 0.449122 0.49101
1710 0.449044 0.491165
1711 0.448964 0.491318
1712 0.448884 0.49147
1713 0.448802 0.49162
1714 0.44872 0.491769
1715 0.448637 0.491917
1716 0.448553 0.492063
1717 0.448468 0.492207
1718 0.448383 0.49235
1719 0.448296 0.492492
1720 0.448209 0.492632
1721 0.448121 0.49277
1722 0.448032 0.492908
1723 0.447942 0.493043
1724 0.447851 0.493178
1725 0.44776 0.493311
1726 0.447668 0.493442
1727 0.447575 0.493573
1728 0.447482 0.493701
1729 0.447388 0.493829
1730 0.447293 0.493955
1731 0.447197 0.494079
1732 0.447101 0.494203
1733 0.447004 0.494324
1734 0.446906 0.494445
1735 0.446808 0.494564
1736 0.446709 0.494682
1737 0.446609 0.494799
1738 0.446509 0.494914
1739 0.446409 0.495028
1740 0.446307 0.495141
1741 0.446205 0.495252
1742 0.446103 0.495362
1743 0.446 0.495471
1744 0.445897 0.495578
1745 0.445793 0.495684
1746 0.445688 0.495789
1747 0.445584 0.495893
1748 0.445478 0.495995
1749 0.445372 0.496096
1750 0.445266 0.496196
1751 0.445159 0.496295
1752 0.445052 0.496392
1753 0.444945 0.496488
1754 0.444837 0.496583
1755 0.444729 0.496677
1756 0.444621 0.496769
1757 0.444512 0.49686
1758 0.444403 0.49695
1759 0.444293 0.497039
1760 0.444183 0.497126
1761 0.444074 0.497212
1762 0.443963 0.497297
1763 0.443853 0.497381
1764 0.443742 0.497463
1765 0.443631 0.497544
1766 0.44352 0.497624
1767 0.443409 0.497702
1768 0.443298 0.49778
1769 0.443186 0.497856
1770 0.443075 0.49793
1771 0.442963 0.498004
1772 0.442851 0.498076
1773 0.442739 0.498147
1774 0.442627 0.498216
1775 0.442515 0.498285
1776 0.442403 0.498352
1777 0.442291 0.498417
1778 0.442179 0.498482
1779 0.442067 0.498545
1780 0.441955 0.498606
1781 0.441843 0.498667
1782 0.441731 0.498725
1783 0.441619 0.498783
1784 0.441507 0.498839
1785 0.441396 0.498894
1786 0.441284 0.498947
1787 0.441173 0.499
1788 0.441062 0.49905
1789 0.440951 0.499099
1790 0.44084 0.499147
1791 0.440729 0.499193
1792 0.440619 0.499238
1793 0.440508 0.499282
1794 0.440398 0.499324
1795 0.440289 0.499364
1796 0.440179 0.499403
1797 0.44007 0.499441
1798 0.439961 0.499477
1799 0.439853 0.499512
1800 0.439744 0.499545
1801 0.439636 0.499576
1802 0.439529 0.499606
1803 0.439421 0.499635
1804 0.439315 0.499662
1805 0.439208 0.499687
1806 0.439102 0.499711
1807 0.438996 0.499733
1808 0.438891 0.499754
1809 0.438786 0.499773
1810 0.438682 0.499791
1811 0.438578 0.499807
1812 0.438474 0.499821
1813 0.438371 0.499834
1814 0.438269 0.499845
1815 0.438167 0.499855
1816 0.438065 0.499863
1817 0.437964 0.49987
1818 0.437863 0.499875
1819 0.437763 0.499878
1820 0.437664 0.49988
1821 0.437565 0.49988
1822 0.437466 0.499878
1823 0.437368 0.499875
1824 0.437271 0.499871
1825 0.437174 0.499865
1826 0.437078 0.499857
1827 0.436982 0.499847
1828 0.436887 0.499837
1829 0.436792 0.499824
1830 0.436698 0.49981
1831 0.436605 0.499795
1832 0.436512 0.499778
1833 0.43642 0.499759
1834 0.436328 0.499739
1835 0.436237 0.499717
1836 0.436147 0.499694
1837 0.436057 0.49967
1838 0.435968 0.499644
1839 0.435879 0.499616
1840 0.435791 0.499588
1841 0.435703 0.499557
1842 0.435617 0.499526
1843 0.43553 0.499493
1844 0.435445 0.499458
1845 0.43536 0.499422
1846 0.435275 0.499385
1847 0.435192 0.499347
1848 0.435109 0.499307
1849 0.435026 0.499266
1850 0.434944 0.499224
1851 0.434863 0.49918
1852 0.434782 0.499135
1853 0.434702 0.49909
1854 0.434623 0.499042
1855 0.434544 0.498994
1856 0.434465 0.498945
1857 0.434388 0.498894
1858 0.434311 0.498842
1859 0.434234 0.49879
1860 0.434158 0.498736
1861 0.434083 0.498681
1862 0.434008 0.498625
1863 0.433934 0.498568
1864 0.433861 0.49851
1865 0.433788 0.498451
1866 0.433716 0.498391
1867 0.433644 0.498331
1868 0.433573 0.498269
1869 0.433502 0.498207
1870 0.433432 0.498143
1871 0.433363 0.498079
1872 0.433294 0.498014
1873 0.433226 0.497948
1874 0.433158 0.497882
1875 0.433091 0.497814
1876 0.433025 0.497746
1877 0.432959 0.497677
1878 0.432893 0.497608
1879 0.432828 0.497538
1880 0.432764 0.497467
1881 0.4327 0.497395
1882 0.432637 0.497323
1883 0.432574 0.49725
1884 0.432512 0.497177
1885 0.43245 0.497103
1886 0.432389 0.497028
1887 0.432329 0.496953
1888 0.432269 0.496878
1889 0.432209 0.496802
1890 0.43215 0.496725
1891 0.432092 0.496648
1892 0.432034 0.49657
1893 0.431976 0.496492
1894 0.431919 0.496413
1895 0.431863 0.496334
1896 0.431807 0.496255
1897 0.431751 0.496175
1898 0.431696 0.496095
1899 0.431642 0.496014
1900 0.431588 0.495933
1901 0.431534 0.495852
1902 0.431481 0.49577
1903 0.431428 0.495688
1904 0.431376 0.495606
1905 0.431325 0.495523
1906 0.431273 0.49544
1907 0.431223 0.495356
1908 0.431172 0.495272
1909 0.431122 0.495188
1910 0.431073 0.495104
1911 0.431024 0.495019
1912 0.430975 0.494934
1913 0.430927 0.494849
1914 0.43088 0.494764
1915 0.430832 0.494678
1916 0.430785 0.494592
1917 0.430739 0.494505
1918 0.430693 0.494419
1919 0.430647 0.494332
1920 0.430602 0.494245
1921 0.430558 0.494158
1922 0.430513 0.49407
1923 0.430469 0.493982
1924 0.430426 0.493894
1925 0.430382 0.493806
1926 0.43034 0.493718
1927 0.430297 0.493629
1928 0.430255 0.49354
1929 0.430214 0.493451
1930 0.430172 0.493361
1931 0.430132 0.493272
1932 0.430091 0.493182
1933 0.430051 0.493092
1934 0.430011 0.493002
1935 0.429972 0.492911
1936 0.429933 0.49282
1937 0.429894 0.492729
1938 0.429856 0.492638
1939 0.429818 0.492547
1940 0.42978 0.492455
1941 0.429743 0.492364
1942 0.429706 0.492272
1943 0.42967 0.492179
1944 0.429634 0.492087
1945 0.429598 0.491995
1946 0.429562 0.491902
1947 0.429527 0.491809
1948 0.429492 0.491716
1949 0.429458 0.491622
1950 0.429424 0.491529
1951 0.42939 0.491435
1952 0.429356 0.491341
1953 0.429323 0.491247
1954 0.42929 0.491152
1955 0.429258 0.491058
1956 0.429226 0.490963
1957 0.429194 0.490868
1958 0.429163 0.490773
1959 0.429131 0.490678
1960 0.429101 0.490582
1961 0.42907 0.490487
1962 0.42904 0.490391
1963 0.42901 0.490295
1964 0.42898 0.490199
1965 0.428951 0.490103
1966 0.428922 0.490007
1967 0.428894 0.48991
1968 0.428865 0.489813
1969 0.428838 0.489717
1970 0.42881 0.48962
1971 0.428783 0.489523
1972 0.428756 0.489426
1973 0.428729 0.489328
1974 0.428703 0.489231
1975 0.428677 0.489134
1976 0.428651 0.489036
1977 0.428625 0.488939
1978 0.4286 0.488841
1979 0.428576 0.488743
1980 0.428551 0.488645
1981 0.428527 0.488547
1982 0.428503 0.48845
1983 0.42848 0.488352
1984 0.428457 0.488254
1985 0.428434 0.488156
1986 0.428411 0.488058
1987 0.428389 0.48796
1988 0.428367 0.487861
1989 0.428346 0.487763
1990 0.428324 0.487665
1991 0.428303 0.487567
1992 0.428283 0.487469
1993 0.428263 0.487371
1994 0.428243 0.487273
1995 0.428223 0.487175
1996 0.428204 0.487078
1997 0.428185 0.48698
1998 0.428166 0.486882
1999 0.428148 0.486784
2000 0.42813 0.486687
2001 0.428113 0.486589
2002 0.428095 0.486492
2003 0.428079 0.486395
2004 0.428062 0.486298
2005 0.428046 0.486201
2006 0.42803 0.486104
2007 0.428014 0.486007
2008 0.427999 0.48591
2009 0.427985 0.485814
2010 0.42797 0.485717
2011 0.427956 0.485621
2012 0.427942 0.485525
2013 0.427929 0.485429
2014 0.427916 0.485333
2015 0.427903 0.485238
2016 0.427891 0.485142
2017 0.427879 0.485047
2018 0.427867 0.484952
2019 0.427856 0.484857
2020 0.427845 0.484763
2021 0.427835 0.484668
2022 0.427825 0.484574
2023 0.427815 0.48448
2024 0.427805 0.484386
2025 0.427796 0.484293
2026 0.427788 0.4842
2027 0.427779 0.484107
2028 0.427771 0.484014
2029 0.427764 0.483921
2030 0.427757 0.483829
2031 0.42775 0.483737
2032 0.427744 0.483645
2033 0.427737 0.483554
2034 0.427732 0.483463
2035 0.427726 0.483372
2036 0.427721 0.483281
2037 0.427717 0.483191
2038 0.427713 0.483101
2039 0.427709 0.483012
2040 0.427705 0.482922
2041 0.427702 0.482833
2042 0.4277 0.482745
2043 0.427697 0.482656
2044 0.427695 0.482568
2045 0.427694 0.482481
2046 0.427692 0.482393
2047 0.427691 0.482307
2048 0.427691 0.48222
2049 0.427691 0.482134
2050 0.427691 0.482048
2051 0.427691 0.481963
2052 0.427692 0.481878
2053 0.427694 0.481793
2054 0.427695 0.481709
2055 0.427697 0.481625
2056 0.427699 0.481541
2057 0.427702 0.481458
2058 0.427705 0.481376
2059 0.427708 0.481294
2060 0.427712 0.481212
2061 0.427716 0.481131
2062 0.42772 0.48105
2063 0.427725 0.48097
2064 0.42773 0.48089
2065 0.427736 0.480811
2066 0.427741 0.480732
2067 0.427747 0.480654
2068 0.427753 0.480576
2069 0.42776 0.480498
2070 0.427767 0.480422
2071 0.427774 0.480345
2072 0.427782 0.480269
2073 0.42779 0.480194
2074 0.427798 0.48012
2075 0.427806 0.480045
2076 0.427815 0.479972
2077 0.427824 0.479899
2078 0.427833 0.479826
2079 0.427843 0.479755
2080 0.427853 0.479683
2081 0.427863 0.479613
2082 0.427874 0.479543
2083 0.427884 0.479473
2084 0.427895 0.479404
2085 0.427907 0.479336
2086 0.427918 0.479269
2087 0.42793 0.479202
2088 0.427942 0.479136
2089 0.427954 0.47907
2090 0.427967 0.479005
2091 0.42798 0.478941
2092 0.427993 0.478877
2093 0.428006 0.478814
2094 0.42802 0.478752
2095 0.428034 0.478691
2096 0.428048 0.47863
2097 0.428062 0.47857
2098 0.428076 0.47851
2099 0.428091 0.478452
2100 0.428106 0.478394
2101 0.428121 0.478337
2102 0.428137 0.47828
2103 0.428152 0.478225
2104 0.428168 0.47817
2105 0.428184 0.478116
2106 0.4282 0.478063
2107 0.428217 0.47801
2108 0.428233 0.477958
2109 0.42825 0.477907
2110 0.428267 0.477857
2111 0.428285 0.477808
2112 0.428302 0.477759
2113 0.42832 0.477711
2114 0.428338 0.477665
2115 0.428356 0.477618
2116 0.428374 0.477573
2117 0.428392 0.477529
2118 0.428411 0.477485
2119 0.42843 0.477442
2120 0.428448 0.4774
2121 0.428468 0.477359
2122 0.428487 0.477319
2123 0.428506 0.47728
2124 0.428526 0.477241
2125 0.428546 0.477203
2126 0.428566 0.477166
2127 0.428586 0.47713
2128 0.428606 0.477095
2129 0.428627 0.477061
2130 0.428648 0.477028
2131 0.428669 0.476995
2132 0.42869 0.476963
2133 0.428711 0.476932
2134 0.428732 0.476902
2135 0.428754 0.476873
2136 0.428775 0.476845
2137 0.428797 0.476817
2138 0.428819 0.47679
2139 0.428842 0.476765
2140 0.428864 0.47674
2141 0.428886 0.476715
2142 0.428909 0.476692
2143 0.428932 0.47667
2144 0.428955 0.476648
2145 0.428978 0.476627
2146 0.429002 0.476607
2147 0.429025 0.476588
2148 0.429049 0.476569
2149 0.429073 0.476551
2150 0.429097 0.476534
2151 0.429121 0.476518
2152 0.429145 0.476503
2153 0.42917 0.476488
2154 0.429194 0.476474
2155 0.429219 0.476461
2156 0.429244 0.476448
2157 0.429269 0.476437
2158 0.429295 0.476426
2159 0.42932 0.476415
2160 0.429346 0.476405
2161 0.429371 0.476396
2162 0.429397 0.476388
2163 0.429423 0.47638
2164 0.42945 0.476373
2165 0.429476 0.476367
2166 0.429503 0.476361
2167 0.42953 0.476355
2168 0.429556 0.476351
2169 0.429584 0.476347
2170 0.429611 0.476343
2171 0.429638 0.47634
2172 0.429666 0.476337
2173 0.429693 0.476335
2174 0.429721 0.476334
2175 0.429749 0.476333
2176 0.429777 0.476332
2177 0.429806 0.476332
2178 0.429834 0.476332
2179 0.429863 0.476333
2180 0.429891 0.476334
2181 0.42992 0.476336
2182 0.429949 0.476337
2183 0.429978 0.47634
2184 0.430008 0.476342
2185 0.430037 0.476345
2186 0.430067 0.476348
2187 0.430097 0.476352
2188 0.430126 0.476355
2189 0.430156 0.476359
2190 0.430187 0.476364
2191 0.430217 0.476368
2192 0.430247 0.476373
2193 0.430278 0.476378
2194 0.430308 0.476383
2195 0.430339 0.476388
2196 0.43037 0.476393
2197 0.430401 0.476399
2198 0.430432 0.476404
2199 0.430463 0.47641
2200 0.430495 0.476416
2201 0.430526 0.476422
2202 0.430558 0.476427
2203 0.430589 0.476433
2204 0.430621 0.476439
2205 0.430653 0.476445
2206 0.430685 0.476451
2207 0.430717 0.476457
2208 0.430749 0.476463
2209 0.430781 0.476469
2210 0.430813 0.476474
2211 0.430846 0.47648
2212 0.430878 0.476485
2213 0.430911 0.476491
2214 0.430943 0.476496
2215 0.430976 0.476501
2216 0.431008 0.476506
2217 0.431041 0.476511
2218 0.431074 0.476515
2219 0.431107 0.47652
2220 0.43114 0.476524
2221 0.431173 0.476528
2222 0.431206 0.476532
2223 0.431239 0.476535
2224 0.431272 0.476539
2225 0.431305 0.476542
2226 0.431338 0.476544
2227 0.431371 0.476547
2228 0.431405 0.476549
2229 0.431438 0.476551
2230 0.431471 0.476553
2231 0.431504 0.476554
2232 0.431537 0.476555
2233 0.431571 0.476555
2234 0.431604 0.476556
2235 0.431637 0.476556
2236 0.43167 0.476555
2237 0.431704 0.476554
2238 0.431737 0.476553
2239 0.43177 0.476552
2240 0.431803 0.47655
2241 0.431836 0.476547
2242 0.431869 0.476545
2243 0.431903 0.476542
2244 0.431936 0.476538
2245 0.431969 0.476535
2246 0.432002 0.47653
2247 0.432035 0.476526
2248 0.432067 0.476521
2249 0.4321 0.476515
2250 0.432133 0.476509
2251 0.432166 0.476503
2252 0.432198 0.476497
2253 0.432231 0.47649
2254 0.432263 0.476482
2255 0.432296 0.476474
2256 0.432328 0.476466
2257 0.432361 0.476458
2258 0.432393 0.476449
2259 0.432425 0.476439
2260 0.432457 0.476429
2261 0.432489 0.476419
2262 0.432521 0.476409
2263 0.432552 0.476398
2264 0.432584 0.476387
2265 0.432616 0.476375
2266 0.432647 0.476363
2267 0.432678 0.476351
2268 0.43271 0.476338
2269 0.432741 0.476325
2270 0.432772 0.476311
2271 0.432802 0.476298
2272 0.432833 0.476284
2273 0.432864 0.476269
2274 0.432894 0.476254
2275 0.432925 0.476239
2276 0.432955 0.476224
2277 0.432985 0.476208
2278 0.433015 0.476193
2279 0.433045 0.476176
2280 0.433074 0.47616
2281 0.433104 0.476143
2282 0.433133 0.476126
2283 0.433162 0.476109
2284 0.433191 0.476091
2285 0.43322 0.476074
2286 0.433249 0.476056
2287 0.433277 0.476038
2288 0.433306 0.47602
2289 0.433334 0.476001
2290 0.433362 0.475982
2291 0.43339 0.475963
2292 0.433418 0.475944
2293 0.433445 0.475925
2294 0.433473 0.475906
2295 0.4335 0.475887
2296 0.433527 0.475867
2297 0.433554 0.475847
2298 0.43358 0.475828
2299 0.433607 0.475808
2300 0.433633 0.475788
2301 0.433659 0.475768
2302 0.433685 0.475748
2303 0.433711 0.475728
2304 0.433737 0.475707
2305 0.433762 0.475687
2306 0.433787 0.475667
2307 0.433812 0.475647
2308 0.433837 0.475627
2309 0.433862 0.475606
2310 0.433886 0.475586
2311 0.43391 0.475566
2312 0.433934 0.475546
2313 0.433958 0.475526
2314 0.433982 0.475506
2315 0.434005 0.475486
2316 0.434028 0.475466
2317 0.434051 0.475446
2318 0.434074 0.475426
2319 0.434097 0.475407
2320 0.434119 0.475387
2321 0.434141 0.475368
2322 0.434163 0.475349
2323 0.434185 0.47533
2324 0.434207 0.475311
2325 0.434228 0.475292
2326 0.434249 0.475273
2327 0.43427 0.475255
2328 0.434291 0.475237
2329 0.434311 0.475219
2330 0.434332 0.475201
2331 0.434352 0.475183
2332 0.434372 0.475166
2333 0.434391 0.475148
2334 0.434411 0.475131
2335 0.43443 0.475115
2336 0.434449 0.475098
2337 0.434468 0.475082
2338 0.434487 0.475066
2339 0.434505 0.47505
2340 0.434523 0.475035
2341 0.434541 0.47502
2342 0.434559 0.475005
2343 0.434577 0.47499
2344 0.434594 0.474976
2345 0.434611 0.474962
2346 0.434628 0.474948
2347 0.434645 0.474935
2348 0.434662 0.474922
2349 0.434678 0.474909
2350 0.434694 0.474897
2351 0.43471 0.474885
2352 0.434726 0.474873
2353 0.434742 0.474862
2354 0.434757 0.474851
2355 0.434772 0.47484
2356 0.434787 0.47483
2357 0.434802 0.47482
2358 0.434817 0.47481
2359 0.434831 0.474801
2360 0.434845 0.474792
2361 0.434859 0.474784
2362 0.434873 0.474775
2363 0.434887 0.474768
2364 0.4349 0.47476
2365 0.434913 0.474753
2366 0.434926 0.474747
2367 0.434939 0.47474
2368 0.434952 0.474734
2369 0.434964 0.474729
2370 0.434977 0.474724
2371 0.434989 0.474719
2372 0.435001 0.474715
2373 0.435013 0.474711
2374 0.435024 0.474707
2375 0.435036 0.474704
2376 0.435047 0.474701
2377 0.435058 0.474699
2378 0.435069 0.474697
2379 0.43508 0.474695
2380 0.43509 0.474694
2381 0.435101 0.474693
2382 0.435111 0.474692
2383 0.435121 0.474692
2384 0.435131 0.474692
2385 0.435141 0.474693
2386 0.43515 0.474694
2387 0.43516 0.474695
2388 0.435169 0.474697
2389 0.435178 0.474699
2390 0.435187 0.474702
2391 0.435196 0.474705
2392 0.435205 0.474708
2393 0.435213 0.474712
2394 0.435222 0.474716
2395 0.43523 0.47472
2396 0.435238 0.474725
2397 0.435246 0.47473
2398 0.435254 0.474736
2399 0.435262 0.474741
2400 0.435269 0.474748
2401 0.435277 0.474754
2402 0.435284 0.474761
2403 0.435291 0.474768
2404 0.435298 0.474776
2405 0.435305 0.474784
2406 0.435312 0.474792
2407 0.435319 0.474801
2408 0.435325 0.47481
2409 0.435332 0.474819
2410 0.435338 0.474829
2411 0.435345 0.474839
2412 0.435351 0.474849
2413 0.435357 0.47486
2414 0.435363 0.474871
2415 0.435368 0.474882
2416 0.435374 0.474894
2417 0.43538 0.474906
2418 0.435385 0.474918
2419 0.43539 0.474931
2420 0.435396 0.474944
2421 0.435401 0.474957
2422 0.435406 0.47497
2423 0.435411 0.474984
2424 0.435416 0.474998
2425 0.43542 0.475013
2426 0.435425 0.475027
2427 0.43543 0.475042
2428 0.435434 0.475058
2429 0.435438 0.475073
2430 0.435443 0.475089
2431 0.435447 0.475105
2432 0.435451 0.475122
2433 0.435455 0.475138
2434 0.435459 0.475155
2435 0.435463 0.475172
2436 0.435466 0.47519
2437 0.43547 0.475208
2438 0.435474 0.475226
2439 0.435477 0.475244
2440 0.43548 0.475262
2441 0.435484 0.475281
2442 0.435487 0.4753
2443 0.43549 0.47532
2444 0.435493 0.475339
2445 0.435496 0.475359
2446 0.435499 0.475379
2447 0.435502 0.475399
2448 0.435504 0.47542
2449 0.435507 0.47544
2450 0.435509 0.475461
2451 0.435512 0.475483
2452 0.435514 0.475504
2453 0.435517 0.475526
2454 0.435519 0.475548
2455 0.435521 0.47557
2456 0.435523 0.475592
2457 0.435525 0.475615
2458 0.435527 0.475637
2459 0.435528 0.47566
2460 0.43553 0.475684
2461 0.435532 0.475707
2462 0.435533 0.475731
2463 0.435535 0.475754
2464 0.435536 0.475779
2465 0.435537 0.475803
2466 0.435538 0.475827
2467 0.43554 0.475852
2468 0.435541 0.475877
2469 0.435541 0.475902
2470 0.435542 0.475927
2471 0.435543 0.475953
2472 0.435544 0.475978
2473 0.435544 0.476004
2474 0.435545 0.47603
2475 0.435545 0.476056
2476 0.435545 0.476083
2477 0.435546 0.476109
2478 0.435546 0.476136
2479 0.435546 0.476163
2480 0.435546 0.47619
2481 0.435546 0.476218
2482 0.435545 0.476245
2483 0.435545 0.476273
2484 0.435544 0.476301
2485 0.435544 0.476329
2486 0.435543 0.476357
2487 0.435543 0.476385
2488 0.435542 0.476414
2489 0.435541 0.476443
2490 0.43554 0.476472
2491 0.435539 0.476501
2492 0.435537 0.47653
2493 0.435536 0.476559
2494 0.435535 0.476589
2495 0.435533 0.476619
2496 0.435531 0.476648
2497 0.43553 0.476678
2498 0.435528 0.476708
2499 0.435526 0.476739
2500 0.435524 0.476769
2501 0.435522 0.4768
2502 0.435519 0.47683
2503 0.435517 0.476861
2504 0.435515 0.476892
2505 0.435512 0.476923
2506 0.435509 0.476955
2507 0.435507 0.476986
2508 0.435504 0.477017
2509 0.435501 0.477049
2510 0.435497 0.477081
2511 0.435494 0.477113
2512 0.435491 0.477145
2513 0.435487 0.477177
2514 0.435484 0.477209
2515 0.43548 0.477241
2516 0.435476 0.477273
2517 0.435472 0.477306
2518 0.435468 0.477339
2519 0.435464 0.477371
2520 0.43546 0.477404
2521 0.435455 0.477437
2522 0.435451 0.47747
2523 0.435446 0.477503
2524 0.435442 0.477536
2525 0.435437 0.477569
2526 0.435432 0.477602
2527 0.435427 0.477635
2528 0.435421 0.477669
2529 0.435416 0.477702
2530 0.435411 0.477736
2531 0.435405 0.477769
2532 0.435399 0.477803
2533 0.435394 0.477836
2534 0.435388 0.47787
2535 0.435382 0.477904
2536 0.435375 0.477937
2537 0.435369 0.477971
2538 0.435363 0.478005
2539 0.435356 0.478039
2540 0.43535 0.478072
2541 0.435343 0.478106
2542 0.435336 0.47814
2543 0.435329 0.478174
2544 0.435322 0.478208
2545 0.435315 0.478241
2546 0.435307 0.478275
2547 0.4353 0.478309
2548 0.435292 0.478343
2549 0.435284 0.478377
2550 0.435276 0.47841
2551 0.435268 0.478444
2552 0.43526 0.478478
2553 0.435252 0.478511
2554 0.435244 0.478545
2555 0.435235 0.478579
2556 0.435227 0.478612
2557 0.435218 0.478646
2558 0.435209 0.478679
2559 0.4352 0.478712
2560 0.435191 0.478746
2561 0.435182 0.478779
2562 0.435173 0.478812
2563 0.435163 0.478845
2564 0.435154 0.478878
2565 0.435144 0.478911
2566 0.435134 0.478944
2567 0.435125 0.478977
2568 0.435115 0.479009
2569 0.435105 0.479042
2570 0.435094 0.479074
2571 0.435084 0.479106
2572 0.435074 0.479139
2573 0.435063 0.479171
2574 0.435052 0.479203
2575 0.435042 0.479234
2576 0.435031 0.479266
2577 0.43502 0.479298
2578 0.435009 0.479329
2579 0.434998 0.47936
2580 0.434986 0.479391
2581 0.434975 0.479422
2582 0.434963 0.479453
2583 0.434952 0.479484
2584 0.43494 0.479514
2585 0.434928 0.479545
2586 0.434916 0.479575
2587 0.434904 0.479605
2588 0.434892 0.479634
2589 0.43488 0.479664
2590 0.434868 0.479693
2591 0.434855 0.479722
2592 0.434843 0.479751
2593 0.43483 0.47978
2594 0.434818 0.479809
2595 0.434805 0.479837
2596 0.434792 0.479865
2597 0.434779 0.479893
2598 0.434766 0.479921
2599 0.434753 0.479948
2600 0.43474 0.479976
2601 0.434727 0.480003
2602 0.434713 0.480029
2603 0.4347 0.480056
2604 0.434686 0.480082
2605 0.434673 0.480108
2606 0.434659 0.480134
2607 0.434646 0.480159
2608 0.434632 0.480185
2609 0.434618 0.48021
2610 0.434604 0.480234
2611 0.43459 0.480259
2612 0.434576 0.480283
2613 0.434562 0.480307
2614 0.434548 0.48033
2615 0.434533 0.480354
2616 0.434519 0.480377
2617 0.434505 0.4804
2618 0.43449 0.480422
2619 0.434476 0.480444
2620 0.434461 0.480466
2621 0.434447 0.480487
2622 0.434432 0.480509
2623 0.434418 0.48053
2624 0.434403 0.48055
2625 0.434388 0.480571
2626 0.434373 0.480591
2627 0.434358 0.48061
2628 0.434344 0.480629
2629 0.434329 0.480648
2630 0.434314 0.480667
2631 0.434299 0.480685
2632 0.434284 0.480703
2633 0.434269 0.480721
2634 0.434254 0.480738
2635 0.434239 0.480755
2636 0.434223 0.480772
2637 0.434208 0.480788
2638 0.434193 0.480804
2639 0.434178 0.48082
2640 0.434163 0.480835
2641 0.434147 0.48085
2642 0.434132 0.480865
2643 0.434117 0.480879
2644 0.434102 0.480892
2645 0.434086 0.480906
2646 0.434071 0.480919
2647 0.434056 0.480932
2648 0.434041 0.480944
2649 0.434025 0.480956
2650 0.43401 0.480968
2651 0.433995 0.480979
2652 0.43398 0.48099
2653 0.433964 0.481
2654 0.433949 0.48101
2655 0.433934 0.48102
2656 0.433918 0.48103
2657 0.433903 0.481039
2658 0.433888 0.481047
2659 0.433873 0.481055
2660 0.433858 0.481063
2661 0.433842 0.481071
2662 0.433827 0.481078
2663 0.433812 0.481085
2664 0.433797 0.481091
2665 0.433782 0.481097
2666 0.433767 0.481103
2667 0.433752 0.481108
2668 0.433737 0.481113
2669 0.433722 0.481118
2670 0.433707 0.481122
2671 0.433692 0.481126
2672 0.433677 0.481129
2673 0.433662 0.481132
2674 0.433648 0.481135
2675 0.433633 0.481137
2676 0.433618 0.481139
2677 0.433603 0.481141
2678 0.433589 0.481142
2679 0.433574 0.481143
2680 0.43356 0.481143
2681 0.433545 0.481143
2682 0.433531 0.481143
2683 0.433516 0.481143
2684 0.433502 0.481142
2685 0.433488 0.481141
2686 0.433474 0.481139
2687 0.433459 0.481137
2688 0.433445 0.481135
2689 0.433431 0.481132
2690 0.433417 0.481129
2691 0.433403 0.481126
2692 0.43339 0.481123
2693 0.433376 0.481119
2694 0.433362 0.481114
2695 0.433348 0.48111
2696 0.433335 0.481105
2697 0.433321 0.4811
2698 0.433308 0.481094
2699 0.433294 0.481089
2700 0.433281 0.481082
2701 0.433268 0.481076
2702 0.433255 0.481069
2703 0.433242 0.481062
2704 0.433229 0.481055
2705 0.433216 0.481048
2706 0.433203 0.48104
2707 0.43319 0.481032
2708 0.433177 0.481023
2709 0.433165 0.481015
2710 0.433152 0.481006
2711 0.43314 0.480996
2712 0.433127 0.480987
2713 0.433115 0.480977
2714 0.433103 0.480967
2715 0.433091 0.480957
2716 0.433079 0.480947
2717 0.433067 0.480936
2718 0.433055 0.480925
2719 0.433044 0.480914
2720 0.433032 0.480903
2721 0.43302 0.480891
2722 0.433009 0.480879
2723 0.432998 0.480867
2724 0.432986 0.480855
2725 0.432975 0.480842
2726 0.432964 0.48083
2727 0.432953 0.480817
2728 0.432942 0.480804
2729 0.432932 0.48079
2730 0.432921 0.480777
2731 0.43291 0.480763
2732 0.4329 0.48075
2733 0.43289 0.480736
2734 0.432879 0.480721
2735 0.432869 0.480707
2736 0.432859 0.480693
2737 0.432849 0.480678
2738 0.432839 0.480663
2739 0.43283 0.480648
2740 0.43282 0.480633
2741 0.432811 0.480618
2742 0.432801 0.480602
2743 0.432792 0.480586
2744 0.432783 0.480571
2745 0.432774 0.480555
2746 0.432765 0.480539
2747 0.432756 0.480523
2748 0.432747 0.480506
2749 0.432739 0.48049
2750 0.43273 0.480474
2751 0.432722 0.480457
2752 0.432714 0.48044
2753 0.432706 0.480423
2754 0.432697 0.480406
2755 0.43269 0.480389
2756 0.432682 0.480372
2757 0.432674 0.480355
2758 0.432666 0.480337
2759 0.432659 0.48032
2760 0.432652 0.480302
2761 0.432644 0.480284
2762 0.432637 0.480267
2763 0.43263 0.480249
2764 0.432623 0.480231
2765 0.432617 0.480213
2766 0.43261 0.480195
2767 0.432604 0.480176
2768 0.432597 0.480158
2769 0.432591 0.48014
2770 0.432585 0.480121
2771 0.432579 0.480103
2772 0.432573 0.480084
2773 0.432567 0.480065
2774 0.432561 0.480046
2775 0.432556 0.480028
2776 0.43255 0.480009
2777 0.432545 0.47999
2778 0.43254 0.479971
2779 0.432534 0.479951
2780 0.432529 0.479932
2781 0.432524 0.479913
2782 0.43252 0.479894
2783 0.432515 0.479874
2784 0.43251 0.479855
2785 0.432506 0.479835
2786 0.432502 0.479816
2787 0.432498 0.479796
2788 0.432493 0.479776
2789 0.432489 0.479756
2790 0.432486 0.479737
2791 0.432482 0.479717
2792 0.432478 0.479697
2793 0.432475 0.479677
2794 0.432471 0.479657
2795 0.432468 0.479636
2796 0.432465 0.479616
2797 0.432462 0.479596
2798 0.432459 0.479576
2799 0.432456 0.479555
2800 0.432453 0.479535
2801 0.43245 0.479514
2802 0.432448 0.479494
2803 0.432445 0.479473
2804 0.432443 0.479452
2805 0.432441 0.479432
2806 0.432439 0.479411
2807 0.432436 0.47939
2808 0.432435 0.479369
2809 0.432433 0.479348
2810 0.432431 0.479327
2811 0.432429 0.479306
2812 0.432428 0.479285
2813 0.432426 0.479263
2814 0.432425 0.479242
2815 0.432424 0.479221
2816 0.432423 0.479199
2817 0.432421 0.479178
2818 0.43242 0.479156
2819 0.43242 0.479135
2820 0.432419 0.479113
2821 0.432418 0.479091
2822 0.432417 0.47907
2823 0.432417 0.479048
2824 0.432416 0.479026
2825 0.432416 0.479004
2826 0.432416 0.478982
2827 0.432416 0.47896
2828 0.432416 0.478938
2829 0.432415 0.478916
2830 0.432416 0.478893
2831 0.432416 0.478871
2832 0.432416 0.478849
2833 0.432416 0.478826
2834 0.432417 0.478804
2835 0.432417 0.478781
2836 0.432417 0.478758
2837 0.432418 0.478736
2838 0.432419 0.478713
2839 0.432419 0.47869
2840 0.43242 0.478667
2841 0.432421 0.478644
2842 0.432422 0.478621
2843 0.432423 0.478598
2844 0.432424 0.478575
2845 0.432425 0.478552
2846 0.432426 0.478529
2847 0.432428 0.478506
2848 0.432429 0.478483
2849 0.43243 0.478459
2850 0.432432 0.478436
2851 0.432433 0.478412
2852 0.432435 0.478389
2853 0.432436 0.478365
2854 0.432438 0.478342
2855 0.43244 0.478318
2856 0.432442 0.478294
2857 0.432443 0.478271
2858 0.432445 0.478247
2859 0.432447 0.478223
2860 0.432449 0.478199
2861 0.432451 0.478175
2862 0.432453 0.478151
2863 0.432455 0.478127
2864 0.432458 0.478103
2865 0.43246 0.478079
2866 0.432462 0.478055
2867 0.432464 0.478031
2868 0.432466 0.478007
2869 0.432469 0.477983
2870 0.432471 0.477959
2871 0.432474 0.477934
2872 0.432476 0.47791
2873 0.432479 0.477886
2874 0.432481 0.477862
2875 0.432484 0.477837
2876 0.432486 0.477813
2877 0.432489 0.477789
2878 0.432492 0.477764
2879 0.432494 0.47774
2880 0.432497 0.477716
2881 0.4325 0.477691
2882 0.432502 0.477667
2883 0.432505 0.477643
2884 0.432508 0.477618
2885 0.432511 0.477594
2886 0.432514 0.47757
2887 0.432516 0.477545
2888 0.432519 0.477521
2889 0.432522 0.477497
2890 0.432525 0.477473
2891 0.432528 0.477448
2892 0.432531 0.477424
2893 0.432534 0.4774
2894 0.432537 0.477376
2895 0.43254 0.477352
2896 0.432543 0.477328
2897 0.432546 0.477304
2898 0.432549 0.47728
2899 0.432552 0.477256
2900 0.432555 0.477232
2901 0.432558 0.477208
2902 0.432561 0.477184
2903 0.432564 0.47716
2904 0.432567 0.477137
2905 0.432571 0.477113
2906 0.432574 0.477089
2907 0.432577 0.477066
2908 0.43258 0.477042
2909 0.432583 0.477019
2910 0.432586 0.476996
2911 0.432589 0.476972
2912 0.432592 0.476949
2913 0.432595 0.476926
2914 0.432599 0.476903
2915 0.432602 0.47688
2916 0.432605 0.476858
2917 0.432608 0.476835
2918 0.432611 0.476812
2919 0.432614 0.47679
2920 0.432617 0.476768
2921 0.43262 0.476745
2922 0.432623 0.476723
2923 0.432626 0.476701
2924 0.432629 0.476679
2925 0.432633 0.476657
2926 0.432636 0.476636
2927 0.432639 0.476614
2928 0.432642 0.476593
2929 0.432645 0.476571
2930 0.432648 0.47655
2931 0.432651 0.476529
2932 0.432654 0.476508
2933 0.432657 0.476487
2934 0.43266 0.476467
2935 0.432663 0.476446
2936 0.432665 0.476426
2937 0.432668 0.476406
2938 0.432671 0.476386
2939 0.432674 0.476366
2940 0.432677 0.476347
2941 0.43268 0.476327
2942 0.432683 0.476308
2943 0.432686 0.476289
2944 0.432688 0.47627
2945 0.432691 0.476251
2946 0.432694 0.476232
2947 0.432697 0.476214
2948 0.432699 0.476195
2949 0.432702 0.476177
2950 0.432705 0.476159
2951 0.432707 0.476142
2952 0.43271 0.476124
2953 0.432713 0.476107
2954 0.432715 0.47609
2955 0.432718 0.476073
2956 0.43272 0.476056
2957 0.432723 0.47604
2958 0.432725 0.476023
2959 0.432728 0.476007
2960 0.43273 0.475991
2961 0.432733 0.475975
2962 0.432735 0.47596
2963 0.432737 0.475945
2964 0.43274 0.47593
2965 0.432742 0.475915
2966 0.432744 0.4759
2967 0.432747 0.475886
2968 0.432749 0.475872
2969 0.432751 0.475858
2970 0.432753 0.475844
2971 0.432756 0.47583
2972 0.432758 0.475817
2973 0.43276 0.475804
2974 0.432762 0.475791
2975 0.432764 0.475779
2976 0.432766 0.475766
2977 0.432768 0.475754
2978 0.43277 0.475742
2979 0.432772 0.475731
2980 0.432774 0.475719
2981 0.432775 0.475708
2982 0.432777 0.475697
2983 0.432779 0.475686
2984 0.432781 0.475676
2985 0.432783 0.475666
2986 0.432784 0.475656
2987 0.432786 0.475646
2988 0.432788 0.475636
2989 0.432789 0.475627
2990 0.432791 0.475618
2991 0.432792 0.475609
2992 0.432794 0.475601
2993 0.432795 0.475593
2994 0.432797 0.475584
2995 0.432798 0.475577
2996 0.4328 0.475569
2997 0.432801 0.475562
2998 0.432802 0.475555
2999 0.432804 0.475548
