0 0 0 0
0 5 0 0
0 10 0 0
0 15 0 0
0 20 0 0
0 25 0 0
0 30 0 0
0 35 0 0
0 40 -0.74204 0.0343427
0 45 -2.7115 0.398918
0 50 3 1.62366e-16
0 55 3 0
0 60 3 0
0 65 3 -1.50938e-16
0 70 3 0
0 75 3 0
0 80 3 1.49879e-16
0 85 3 1.50136e-16
0 90 3 0
0 95 3 0

5 0 0 0
5 5 0 0
5 10 0 0
5 15 0 0
5 20 0 0
5 25 0 0
5 30 0 0
5 35 0 0
5 40 -0.69605 -0.0259115
5 45 -1.80841 -0.782289
5 50 0.74129 -1.35998
5 55 2.3117 -0.624056
5 60 2.57344 -0.306453
5 65 2.64962 -0.18881
5 70 2.68455 -0.139668
5 75 2.69757 -0.123198
5 80 2.69367 -0.130821
5 85 2.68062 -0.170081
5 90 2.68483 -0.277129
5 95 2.63781 -0.425212

10 0 0 0
10 5 0 0
10 10 0 0
10 15 0 0
10 20 0 0
10 25 0 0
10 30 0 0
10 35 0 0
10 40 -0.401796 -0.0330301
10 45 -0.91002 -0.657233
10 50 0.541726 -1.02894
10 55 1.83578 -0.773229
10 60 2.35586 -0.484288
10 65 2.55194 -0.329598
10 70 2.64364 -0.256279
10 75 2.69244 -0.23119
10 80 2.72341 -0.244509
10 85 2.76394 -0.303042
10 90 2.8291 -0.401575
10 95 2.39759 -0.301177

15 0 0 0
15 5 0 0
15 10 0 0
15 15 0 0
15 20 0 0
15 25 0 0
15 30 0 0
15 35 0 0
15 40 -0.183372 -0.0221843
15 45 -0.348019 -0.423977
15 50 0.594968 -0.718129
15 55 1.58756 -0.673261
15 60 2.16414 -0.514045
15 65 2.44631 -0.393607
15 70 2.59589 -0.327299
15 75 2.68756 -0.304513
15 80 2.76045 -0.320478
15 85 2.84377 -0.371916
15 90 2.84222 -0.394418
15 95 2.07198 -0.198119

20 0 0 0
20 5 0 0
20 10 0 0
20 15 0 0
20 20 0 0
20 25 0 0
20 30 0 0
20 35 0 0
20 40 -0.0568896 -0.013734
20 45 0.0256805 -0.263824
20 50 0.715554 -0.495646
20 55 1.49871 -0.534543
20 60 2.0471 -0.469422
20 65 2.36688 -0.398705
20 70 2.55758 -0.354642
20 75 2.68664 -0.341531
20 80 2.79481 -0.358469
20 85 2.88481 -0.388054
20 90 2.74837 -0.343186
20 95 1.80464 -0.137864

25 0 0 0
25 5 0 0
25 10 0 0
25 15 0 0
25 20 0 0
25 25 0 0
25 30 0 0
25 35 0 0
25 40 0.0149711 -0.00871869
25 45 0.278184 -0.165961
25 50 0.845645 -0.343556
25 55 1.49037 -0.411822
25 60 1.99259 -0.400809
25 65 2.32118 -0.37027
25 70 2.5359 -0.349734
25 75 2.69191 -0.348317
25 80 2.82049 -0.364495
25 85 2.88115 -0.36917
25 90 2.60851 -0.284808
25 95 1.59743 -0.0999004

30 0 0 0
30 5 0 0
30 10 0 0
30 15 0 0
30 20 0 0
30 25 0 0
30 30 0 0
30 35 0 0
30 40 0.0570178 -0.00580228
30 45 0.449846 -0.106474
30 50 0.963666 -0.239629
30 55 1.51906 -0.312997
30 60 1.97856 -0.329963
30 65 2.30357 -0.326107
30 70 2.53069 -0.324224
30 75 2.70299 -0.332638
30 80 2.83471 -0.346008
30 85 2.84337 -0.329896
30 90 2.46078 -0.229793
30 95 1.43822 -0.0735834

35 0 0 0
35 5 0 0
35 10 0 0
35 15 0 0
35 20 0 0
35 25 0 0
35 30 0 0
35 35 0 0
35 40 0.0823559 -0.00404906
35 45 0.566906 -0.0691367
35 50 1.06251 -0.167038
35 55 1.5621 -0.234578
35 60 1.9877 -0.263967
35 65 2.30542 -0.275755
35 70 2.53824 -0.286354
35 75 2.71757 -0.301043
35 80 2.83749 -0.310152
35 85 2.78602 -0.280297
35 90 2.32422 -0.180422
35 95 1.31705 -0.053924

40 0 0 0
40 5 0 0
40 10 0 0
40 15 0 0
40 20 0 0
40 25 0 0
40 30 0 0
40 35 0 0
40 40 0.0977623 -0.0029446
40 45 0.646127 -0.0444858
40 50 1.14096 -0.114392
40 55 1.60747 -0.171259
40 60 2.00837 -0.203869
40 65 2.31899 -0.223384
40 70 2.5539 -0.240939
40 75 2.73296 -0.258347
40 80 2.83111 -0.262978
40 85 2.72186 -0.226677
40 90 2.20746 -0.136694
40 95 1.22677 -0.03843

45 0 0 0
45 5 0 0
45 10 0 0
45 15 0 0
45 20 0 0
45 25 0 0
45 30 0 0
45 35 0 0
45 40 0.106819 -0.00221308
45 45 0.697988 -0.0271541
45 50 1.19985 -0.0742581
45 55 1.64856 -0.118321
45 60 2.03303 -0.148538
45 65 2.33832 -0.170275
45 70 2.57349 -0.19045
45 75 2.74725 -0.207922
45 80 2.81909 -0.209069
45 85 2.66028 -0.17262
45 90 2.1138 -0.097945
45 95 1.16221 -0.0257088

50 0 0 0
50 5 0 0
50 10 0 0
50 15 0 0
50 20 0 0
50 25 0 0
50 30 0 0
50 35 0 0
50 40 0.111468 -0.00170383
50 45 0.728927 -0.0140599
50 50 1.24039 -0.0417907
50 55 1.68158 -0.0719999
50 60 2.05663 -0.0961824
50 65 2.35902 -0.116279
50 70 2.59384 -0.135957
50 75 2.75971 -0.152003
50 80 2.80533 -0.151479
50 85 2.60763 -0.119833
50 90 2.04402 -0.0632706
50 95 1.1196 -0.0148699

55 0 0 0
55 5 0 0
55 10 0 0
55 15 0 0
55 20 0 0
55 25 0 0
55 30 0 0
55 35 0 0
55 40 0.112779 -0.00133257
55 45 0.74278 -0.00338012
55 50 1.26348 -0.0137664
55 55 1.70403 -0.0293318
55 60 2.07567 -0.0448484
55 65 2.37796 -0.0605199
55 70 2.61292 -0.0776464
55 75 2.77068 -0.0918433
55 80 2.79354 -0.0918735
55 85 2.56799 -0.0687574
55 90 1.99778 -0.0316605
55 95 1.09629 -0.00526854

60 0 0 0
60 5 0 0
60 10 0 0
60 15 0 0
60 20 0 0
60 25 0 0
60 30 0 0
60 35 0 0
60 40 0.111333 -0.0010518
60 45 0.741674 0.00600724
60 50 1.26944 0.01205
60 55 1.71394 0.0121118
60 60 2.08747 0.00749353
60 65 2.39295 -0.00162244
60 70 2.62976 -0.0150075
60 75 2.78133 -0.0278007
60 80 2.78706 -0.0307876
60 85 2.54398 -0.0190423
60 90 1.97444 -0.00209044
60 95 1.09051 0.00359747

65 0 0 0
65 5 0 0
65 10 0 0
65 15 0 0
65 20 0 0
65 25 0 0
65 30 0 0
65 35 0 0
65 40 0.107428 -0.000836019
65 45 0.726578 0.0148108
65 50 1.2579 0.0372903
65 55 1.70931 0.0544823
65 60 2.08971 0.0630751
65 65 2.4025 0.0623208
65 70 2.6443 0.0531603
65 75 2.79345 0.0405738
65 80 2.78886 0.0320543
65 85 2.53747 0.030065
65 90 1.97349 0.02637
65 95 1.10122 0.0121151

70 0 0 0
70 5 0 0
70 10 0 0
70 15 0 0
70 20 0 0
70 25 0 0
70 30 0 0
70 35 0 0
70 40 0.101203 -0.000675814
70 45 0.697668 0.0234261
70 50 1.22765 0.0631465
70 55 1.68762 0.0998927
70 60 2.07999 0.124651
70 65 2.40559 0.134038
70 70 2.65737 0.128868
70 75 2.80954 0.114399
70 80 2.80193 0.0973521
70 85 2.55005 0.0793315
70 90 1.99474 0.0543995
70 95 1.12798 0.020532

75 0 0 0
75 5 0 0
75 10 0 0
75 15 0 0
75 20 0 0
75 25 0 0
75 30 0 0
75 35 0 0
75 40 0.0927567 -0.00058126
75 45 0.654734 0.0317675
75 50 1.17642 0.0901487
75 55 1.64497 0.150617
75 60 2.05525 0.196188
75 65 2.40177 0.217776
75 70 2.67111 0.215204
75 75 2.83317 0.195234
75 80 2.82961 0.165718
75 85 2.58339 0.129078
75 90 2.03827 0.0821883
75 95 1.17063 0.0288879

80 0 0 0
80 5 0 0
80 10 0 0
80 15 0 0
80 20 0 0
80 25 0 0
80 30 0 0
80 35 0 0
80 40 0.0824136 -0.000613808
80 45 0.598188 0.0382535
80 50 1.10033 0.116762
80 55 1.57421 0.209191
80 60 2.01064 0.28458
80 65 2.39171 0.320899
80 70 2.6902 0.316721
80 75 2.86998 0.284526
80 80 2.87616 0.236862
80 85 2.63933 0.178548
80 90 2.10416 0.10911
80 95 1.22892 0.0369089

85 0 0 0
85 5 0 0
85 10 0 0
85 15 0 0
85 20 0 0
85 25 0 0
85 30 0 0
85 35 0 0
85 40 0.0717718 -0.00104886
85 45 0.532483 0.0357003
85 50 0.991858 0.133983
85 55 1.45885 0.278446
85 60 1.93718 0.404768
85 65 2.37996 0.457502
85 70 2.72517 0.439347
85 75 2.92923 0.381976
85 80 2.94699 0.30815
85 85 2.7196 0.225094
85 90 2.19189 0.13337
85 95 1.30185 0.0439057

90 0 0 0
90 5 0 0
90 10 0 0
90 15 0 0
90 20 0 0
90 25 0 0
90 30 0 0
90 35 0 0
90 40 0.0677682 -0.00288443
90 45 0.477067 0.000495369
90 50 0.83399 0.108971
90 55 1.25276 0.362724
90 60 1.81775 0.598002
90 65 2.38704 0.6554
90 70 2.79987 0.58638
90 75 3.02485 0.481117
90 80 3.04761 0.372407
90 85 2.82461 0.263455
90 90 2.29937 0.151881
90 95 1.38699 0.0487786

95 0 0 0
95 5 0 0
95 10 0 0
95 15 0 0
95 20 0 0
95 25 0 0
95 30 0 0
95 35 0 0
95 40 0.0896541 -0.00731203
95 45 0.491736 -0.100271
95 50 0.598552 -0.0413261
95 55 0.811824 0.460669
95 60 1.62836 0.994258
95 65 2.49806 0.94986
95 70 2.95878 0.737505
95 75 3.17046 0.561088
95 80 3.17949 0.416401
95 85 2.9513 0.286141
95 90 2.4219 0.160821
95 95 1.47987 0.0502702

100 0 0 0
100 5 0 0
100 10 0 0
100 15 0 0
100 20 0 0
100 25 0 0
100 30 0 0
100 35 0 0
100 40 0.145742 -0.00905363
100 45 0.64246 -0.151901
100 50 0.35564 -0.226897
100 55 0.0601251 0.158493
100 60 1.34529 1.19882
100 65 2.86555 1.10334
100 70 3.22126 0.800133
100 75 3.35866 0.585411
100 80 3.3331 0.424719
100 85 3.09105 0.286241
100 90 2.55161 0.157158
100 95 1.574 0.0475026

105 0 0 0
105 5 0 0
105 10 0 0
105 15 0 0
105 20 0 0
105 25 0 0
105 30 0 0
105 35 0 0
105 40 0.184292 -0.00395249
105 45 0.725465 -0.0354089
105 50 0.186383 0.00271064
105 55 0 0
105 60 0.453171 0.0446384
105 65 2.81627 0.593075
105 70 3.43844 0.674589
105 75 3.54307 0.533001
105 80 3.48683 0.391541
105 85 3.23077 0.262052
105 90 2.67861 0.140538
105 95 1.66191 0.0405505

110 0 0 0
110 5 0 0
110 10 0 0
110 15 0 0
110 20 0 0
110 25 0 0
110 30 0 0
110 35 0 0
110 40 0.187009 -0.00142985
110 45 0.723239 0.00705546
110 50 0.180406 0.0106769
110 55 0 0
110 60 0.340782 0.0176296
110 65 2.42538 0.24878
110 70 3.46267 0.46082
110 75 3.67391 0.429047
110 80 3.61948 0.327938
110 85 3.35792 0.219241
110 90 2.79351 0.113995
110 95 1.73687 0.0306014

115 0 0 0
115 5 0 0
115 10 0 0
115 15 0 0
115 20 0 0
115 25 0 0
115 30 0 0
115 35 0 0
115 40 0.182797 -0.00136253
115 45 0.717041 0.00696053
115 50 0.181943 0.0102229
115 55 0 0
115 60 0.307351 0.0121133
115 65 2.17483 0.118032
115 70 3.37528 0.287036
115 75 3.74195 0.315465
115 80 3.72255 0.252879
115 85 3.46536 0.167712
115 90 2.88993 0.0826968
115 95 1.79453 0.0195029

120 0 0 0
120 5 0 0
120 10 0 0
120 15 0 0
120 20 0 0
120 25 0 0
120 30 0 0
120 35 0 0
120 40 0.180561 -0.00142078
120 45 0.711698 0.00424832
120 50 0.181493 0.00907303
120 55 0 0
120 60 0.294569 0.00976818
120 65 2.03847 0.0608544
120 70 3.27515 0.172531
120 75 3.76698 0.216779
120 80 3.79859 0.180971
120 85 3.55186 0.116535
120 90 2.96533 0.0517456
120 95 1.8336 0.00902273

125 0 0 0
125 5 0 0
125 10 0 0
125 15 0 0
125 20 0 0
125 25 0 0
125 30 0 0
125 35 0 0
125 40 0.179365 -0.00135194
125 45 0.707076 0.00328587
125 50 0.180335 0.00809713
125 55 0 0
125 60 0.290307 0.00828475
125 65 1.96627 0.0316098
125 70 3.19697 0.0999145
125 75 3.77119 0.139656
125 80 3.85412 0.119329
125 85 3.61944 0.071339
125 90 3.02025 0.0246572
125 95 1.85542 0.000320157

130 0 0 0
130 5 0 0
130 10 0 0
130 15 0 0
130 20 0 0
130 25 0 0
130 30 0 0
130 35 0 0
130 40 0.17843 -0.00125186
130 45 0.703095 0.00291079
130 50 0.179238 0.00725738
130 55 0 0
130 60 0.290311 0.0071655
130 65 1.93092 0.0150485
130 70 3.1449 0.0534659
130 75 3.76893 0.0824192
130 80 3.89538 0.0698646
130 85 3.67115 0.0344366
130 90 3.05703 0.00304086
130 95 1.86289 -0.00616612

135 0 0 0
135 5 0 0
135 10 0 0
135 15 0 0
135 20 0 0
135 25 0 0
135 30 0 0
135 35 0 0
135 40 0.177616 -0.00115082
135 45 0.69969 0.00261542
135 50 0.178312 0.00650443
135 55 0 0
135 60 0.292642 0.00625125
135 65 1.91775 0.00507381
135 70 3.11477 0.023274
135 75 3.76735 0.0410362
135 80 3.92706 0.0318199
135 85 3.70989 0.00594064
135 90 3.07872 -0.0129788
135 95 1.85947 -0.0105445

140 0 0 0
140 5 0 0
140 10 0 0
140 15 0 0
140 20 0 0
140 25 0 0
140 30 0 0
140 35 0 0
140 40 0.17692 -0.00104738
140 45 0.696817 0.00233654
140 50 0.177536 0.00581805
140 55 0 0
140 60 0.296288 0.00546926
140 65 1.91838 -0.00119945
140 70 3.10137 0.00330858
140 75 3.76924 0.0114417
140 80 3.95234 0.00331497
140 85 3.7381 -0.0152198
140 90 3.0884 -0.0241617
140 95 1.84838 -0.0132222

145 0 0 0
145 5 0 0
145 10 0 0
145 15 0 0
145 20 0 0
145 25 0 0
145 30 0 0
145 35 0 0
145 40 0.176344 -0.000937089
145 45 0.694442 0.00208194
145 50 0.176891 0.00518652
145 55 0 0
145 60 0.300702 0.00477683
145 65 1.9279 -0.00535839
145 70 3.10034 -0.0102597
145 75 3.77522 -0.00984327
145 80 3.97321 -0.0178776
145 85 3.75777 -0.0306385
145 90 3.08882 -0.0316679
145 95 1.83219 -0.0147088

150 0 0 0
150 5 0 0
150 10 0 0
150 15 0 0
150 20 0 0
150 25 0 0
150 30 0 0
150 35 0 0
150 40 0.175884 -0.000816866
150 45 0.692538 0.00185451
150 50 0.17637 0.00460142
150 55 0 0
150 60 0.305615 0.00414458
150 65 1.94343 -0.00840735
150 70 3.10843 -0.0200419
150 75 3.78506 -0.0256913
150 80 3.99089 -0.0339893
150 85 3.77044 -0.0420648
150 90 3.08213 -0.0367541
150 95 1.81273 -0.0155019

155 0 0 0
155 5 0 0
155 10 0 0
155 15 0 0
155 20 0 0
155 25 0 0
155 30 0 0
155 35 0 0
155 40 0.175534 -0.0006842
155 45 0.691089 0.00165376
155 50 0.175967 0.00405728
155 55 0 0
155 60 0.310965 0.00354984
155 65 1.96344 -0.0110809
155 70 3.1235 -0.0279883
155 75 3.79825 -0.0385168
155 80 4.00607 -0.0471382
155 85 3.77722 -0.0512257
155 90 3.06983 -0.0406176
155 95 1.79102 -0.0160373

160 0 0 0
160 5 0 0
160 10 0 0
160 15 0 0
160 20 0 0
160 25 0 0
160 30 0 0
160 35 0 0
160 40 0.175291 -0.000536263
160 45 0.690078 0.00148018
160 50 0.175679 0.003552
160 55 0 0
160 60 0.316862 0.00297273
160 65 1.9875 -0.0140176
160 70 3.14434 -0.0357406
160 75 3.81432 -0.0504621
160 80 4.01909 -0.0593261
160 85 3.77879 -0.0597556
160 90 3.05275 -0.0443322
160 95 1.76738 -0.0166756

165 0 0 0
165 5 0 0
165 10 0 0
165 15 0 0
165 20 0 0
165 25 0 0
165 30 0 0
165 35 0 0
165 40 0.175152 -0.000369202
165 45 0.689494 0.00133614
165 50 0.175503 0.0030878
165 55 0 0
165 60 0.323611 0.00239157
165 65 2.01609 -0.0179109
165 70 3.17057 -0.0449224
165 75 3.83292 -0.0636007
165 80 4.02999 -0.0724875
165 85 3.77533 -0.0691725
165 90 3.031 -0.0488216
165 95 1.74155 -0.0176998

170 0 0 0
170 5 0 0
170 10 0 0
170 15 0 0
170 20 0 0
170 25 0 0
170 30 0 0
170 35 0 0
170 40 0.175114 -0.000177235
170 45 0.689321 0.00122789
170 50 0.175433 0.00267523
170 55 0 0
170 60 0.331792 0.00177187
170 65 2.0508 -0.0237476
170 70 3.20256 -0.057499
170 75 3.85373 -0.0801674
170 80 4.03837 -0.0885387
170 85 3.76645 -0.0808408
170 90 3.00404 -0.0548236
170 95 1.71276 -0.0193063

175 0 0 0
175 5 0 0
175 10 0 0
175 15 0 0
175 20 0 0
175 25 0 0
175 30 0 0
175 35 0 0
175 40 0.175172 5.29682e-05
175 45 0.689538 0.00125855
175 50 0.175467 0.00235415
175 55 0 0
175 60 0.342503 0.00102582
175 65 2.09472 -0.033406
175 70 3.24117 -0.0764082
175 75 3.87601 -0.102797
175 80 4.04313 -0.109327
175 85 3.75106 -0.0958423
175 90 2.97072 -0.0628003
175 95 1.67995 -0.0215774

180 0 0 0
180 5 0 0
180 10 0 0
180 15 0 0
180 20 0 0
180 25 0 0
180 30 0 0
180 35 0 0
180 40 0.175041 0.00042655
180 45 0.6901 0.0030542
180 50 0.175823 0.00234932
180 55 0 0
180 60 0.358193 -0.00018307
180 65 2.15353 -0.0517393
180 70 3.28665 -0.106765
180 75 3.89764 -0.134513
180 80 4.04206 -0.136263
180 85 3.72733 -0.114665
180 90 2.92945 -0.0727768
180 95 1.64194 -0.024436

185 0 0 0
185 5 0 0
185 10 0 0
185 15 0 0
185 20 0 0
185 25 0 0
185 30 0 0
185 35 0 0
185 40 0.171045 0.00178988
185 45 0.689044 0.0233355
185 50 0.1807 0.0047186
185 55 0 0
185 60 0.387242 -0.00405123
185 65 2.23494 -0.0966122
185 70 3.33398 -0.156738
185 75 3.91331 -0.177352
185 80 4.03155 -0.169307
185 85 3.6929 -0.136707
185 90 2.87859 -0.0841582
185 95 1.59778 -0.0276115

190 0 0 0
190 5 0 0
190 10 0 0
190 15 0 0
190 20 0 0
190 25 0 0
190 30 0 0
190 35 0 0
190 40 0.146308 0.00549906
190 45 0.630951 0.119133
190 50 0.296134 0.206928
190 55 0.00306474 0.0682518
190 60 0.552378 -0.178644
190 65 2.30059 -0.212357
190 70 3.36373 -0.227687
190 75 3.91469 -0.228083
190 80 4.00768 -0.205609
190 85 3.64571 -0.15992
190 90 2.817 -0.0956975
190 95 1.54711 -0.0306656

195 0 0 0
195 5 0 0
195 10 0 0
195 15 0 0
195 20 0 0
195 25 0 0
195 30 0 0
195 35 0 0
195 40 0.0931325 0.00719397
195 45 0.43194 0.170608
195 50 0.305715 0.319459
195 55 0.179546 0.176508
195 60 0.867256 -0.161592
195 65 2.30075 -0.295859
195 70 3.3623 -0.293291
195 75 3.89773 -0.276142
195 80 3.96884 -0.239776
195 85 3.58511 -0.181253
195 90 2.74466 -0.105803
195 95 1.49044 -0.0331113

200 0 0 0
200 5 0 0
200 10 0 0
200 15 0 0
200 20 0 0
200 25 0 0
200 30 0 0
200 35 0 0
200 40 0.0434689 0.00519819
200 45 0.24785 0.119552
200 50 0.293016 0.212596
200 55 0.432705 0.0994397
200 60 1.13662 -0.157105
200 65 2.34533 -0.311859
200 70 3.35133 -0.333561
200 75 3.86788 -0.312607
200 80 3.91706 -0.266994
200 85 3.51235 -0.197955
200 90 2.66288 -0.11311
200 95 1.42909 -0.0345814

205 0 0 0
205 5 0 0
205 10 0 0
205 15 0 0
205 20 0 0
205 25 0 0
205 30 0 0
205 35 0 0
205 40 0.0138692 0.00302915
205 45 0.139487 0.0623538
205 50 0.299188 0.100695
205 55 0.620766 0.00844366
205 60 1.34956 -0.18148
205 65 2.42131 -0.320749
205 70 3.34711 -0.356341
205 75 3.83221 -0.336678
205 80 3.85592 -0.285465
205 85 3.42992 -0.208636
205 90 2.57396 -0.116934
205 95 1.365 -0.0349393

210 0 0 0
210 5 0 0
210 10 0 0
210 15 0 0
210 20 0 0
210 25 0 0
210 30 0 0
210 35 0 0
210 40 -0.000214004 0.00160159
210 45 0.092915 0.0236392
210 50 0.327833 0.020853
210 55 0.764292 -0.0656154
210 60 1.51688 -0.214772
210 65 2.50059 -0.332893
210 70 3.3485 -0.370554
210 75 3.79357 -0.351075
210 80 3.78818 -0.295699
210 85 3.34049 -0.213262
210 90 2.48063 -0.1173
210 95 1.30021 -0.0342664

215 0 0 0
215 5 0 0
215 10 0 0
215 15 0 0
215 20 0 0
215 25 0 0
215 30 0 0
215 35 0 0
215 40 -0.00473872 0.000675222
215 45 0.0875982 -0.000844145
215 50 0.376599 -0.0320397
215 55 0.88531 -0.119716
215 60 1.65224 -0.245232
215 65 2.57258 -0.345134
215 70 3.35075 -0.379168
215 75 3.75213 -0.357933
215 80 3.71544 -0.298865
215 85 3.24647 -0.21252
215 90 2.38555 -0.114678
215 95 1.23658 -0.0327681

220 0 0 0
220 5 0 0
220 10 0 0
220 15 0 0
220 20 0 0
220 25 0 0
220 30 0 0
220 35 0 0
220 40 -0.00325482 3.61241e-05
220 45 0.108977 -0.0167071
220 50 0.440805 -0.0669535
220 55 0.995241 -0.157324
220 60 1.76613 -0.268446
220 65 2.63492 -0.354044
220 70 3.35073 -0.382465
220 75 3.70757 -0.358334
220 80 3.63888 -0.296019
220 85 3.14999 -0.207296
220 90 2.29107 -0.109694
220 95 1.17561 -0.0306767

225 0 0 0
225 5 0 0
225 10 0 0
225 15 0 0
225 20 0 0
225 25 0 0
225 30 0 0
225 35 0 0
225 40 0.0021876 -0.000420039
225 45 0.147776 -0.0271942
225 50 0.515727 -0.0899257
225 55 1.09892 -0.182229
225 60 1.8651 -0.283515
225 65 2.68799 -0.35781
225 70 3.34706 -0.38026
225 75 3.65991 -0.352892
225 80 3.55966 -0.288032
225 85 3.05298 -0.198453
225 90 2.19921 -0.102953
225 95 1.1184 -0.0281971

230 0 0 0
230 5 0 0
230 10 0 0
230 15 0 0
230 20 0 0
230 25 0 0
230 30 0 0
230 35 0 0
230 40 0.0102695 -0.000743946
230 45 0.197881 -0.0340208
230 50 0.597395 -0.104512
230 55 1.19803 -0.197308
230 60 1.95292 -0.290878
230 65 2.73282 -0.355875
230 70 3.33941 -0.372612
230 75 3.6096 -0.342186
230 80 3.47904 -0.275702
230 85 2.95725 -0.186783
230 90 2.11157 -0.0949838
230 95 1.0657 -0.0254914

235 0 0 0
235 5 0 0
235 10 0 0
235 15 0 0
235 20 0 0
235 25 0 0
235 30 0 0
235 35 0 0
235 40 0.0200494 -0.000964063
235 45 0.254976 -0.0381583
235 50 0.682623 -0.112864
235 55 1.29288 -0.204636
235 60 2.03174 -0.291416
235 65 2.7704 -0.348426
235 70 3.32798 -0.359922
235 75 3.55734 -0.326904
235 80 3.39837 -0.259836
235 85 2.86442 -0.173014
235 90 2.02942 -0.0862297
235 95 1.01797 -0.0226831

240 0 0 0
240 5 0 0
240 10 0 0
240 15 0 0
240 20 0 0
240 25 0 0
240 30 0 0
240 35 0 0
240 40 0.0308113 -0.0010995
240 45 0.315842 -0.0402287
240 50 0.768866 -0.116409
240 55 1.38325 -0.205776
240 60 2.10279 -0.286135
240 65 2.80159 -0.336052
240 70 3.31319 -0.342854
240 75 3.50397 -0.307857
240 80 3.31897 -0.241262
240 85 2.7759 -0.157818
240 90 1.95367 -0.0770631
240 95 0.975441 -0.0198663

245 0 0 0
245 5 0 0
245 10 0 0
245 15 0 0
245 20 0 0
245 25 0 0
245 30 0 0
245 35 0 0
245 40 0.0419955 -0.0011652
245 45 0.378002 -0.040684
245 50 0.854095 -0.116195
245 55 1.46872 -0.201989
245 60 2.16682 -0.276062
245 65 2.82712 -0.319553
245 70 3.29561 -0.322231
245 75 3.45036 -0.285933
245 80 3.24205 -0.220805
245 85 2.6928 -0.141809
245 90 1.88491 -0.067793
245 95 0.938175 -0.0171129

250 0 0 0
250 5 0 0
250 10 0 0
250 15 0 0
250 20 0 0
250 25 0 0
250 30 0 0
250 35 0 0
250 40 0.0531646 -0.00117404
250 45 0.439536 -0.0398857
250 50 0.936711 -0.113065
250 55 1.54889 -0.19435
250 60 2.22434 -0.262199
250 65 2.84763 -0.299817
250 70 3.27583 -0.298949
250 75 3.39735 -0.262031
250 80 3.16863 -0.199246
250 85 2.61596 -0.125525
250 90 1.82347 -0.0586709
250 95 0.906077 -0.0144769

255 0 0 0
255 5 0 0
255 10 0 0
255 15 0 0
255 20 0 0
255 25 0 0
255 30 0 0
255 35 0 0
255 40 0.063984 -0.00113772
255 45 0.498975 -0.03814
255 50 1.01548 -0.107732
255 55 1.62342 -0.183805
255 60 2.27576 -0.245503
255 65 2.86371 -0.277744
255 70 3.25446 -0.273902
255 75 3.3457 -0.237007
255 80 3.09955 -0.177293
255 85 2.54592 -0.109419
255 90 1.76939 -0.049894
255 95 0.878945 -0.0119976

260 0 0 0
260 5 0 0
260 10 0 0
260 15 0 0
260 20 0 0
260 25 0 0
260 30 0 0
260 35 0 0
260 40 0.0742077 -0.00106691
260 45 0.555235 -0.0357105
260 50 1.0895 -0.10081
260 55 1.69211 -0.171188
260 60 2.32145 -0.226856
260 65 2.8759 -0.254194
260 70 3.23207 -0.247924
260 75 3.29607 -0.21163
260 80 3.0354 -0.155547
260 85 2.48296 -0.0938554
260 90 1.72255 -0.0416076
260 95 0.856496 -0.00970145

265 0 0 0
265 5 0 0
265 10 0 0
265 15 0 0
265 20 0 0
265 25 0 0
265 30 0 0
265 35 0 0
265 40 0.0836669 -0.000971246
265 45 0.607556 -0.0328227
265 50 1.15814 -0.0928226
265 55 1.75485 -0.157221
265 60 2.36176 -0.207042
265 65 2.88472 -0.229935
265 70 3.20918 -0.22175
265 75 3.24898 -0.186547
265 80 2.97657 -0.134486
265 85 2.42714 -0.0791011
265 90 1.68266 -0.0339084
265 95 0.838395 -0.00760324

270 0 0 0
270 5 0 0
270 10 0 0
270 15 0 0
270 20 0 0
270 25 0 0
270 30 0 0
270 35 0 0
270 40 0.0922569 -0.000859185
270 45 0.65545 -0.0296642
270 50 1.22102 -0.0842083
270 55 1.81165 -0.142511
270 60 2.39706 -0.186723
270 65 2.89065 -0.205616
270 70 3.18626 -0.195982
270 75 3.20482 -0.162263
270 80 2.92325 -0.114459
270 85 2.37831 -0.0653315
270 90 1.64931 -0.0268483
270 95 0.824277 -0.00570753

275 0 0 0
275 5 0 0
275 10 0 0
275 15 0 0
275 20 0 0
275 25 0 0
275 30 0 0
275 35 0 0
275 40 0.0999254 -0.000737845
275 45 0.698653 -0.0263845
275 50 1.27794 -0.0753169
275 55 1.86261 -0.127541
275 60 2.42771 -0.166423
275 65 2.89413 -0.181744
275 70 3.16369 -0.17107
275 75 3.16385 -0.139134
275 80 2.87549 -0.0956865
275 85 2.3362 -0.0526359
275 90 1.62204 -0.0204392
275 95 0.813768 -0.00400964

280 0 0 0
280 5 0 0
280 10 0 0
280 15 0 0
280 20 0 0
280 25 0 0
280 30 0 0
280 35 0 0
280 40 0.10666 -0.000612959
280 45 0.737076 -0.0230966
280 50 1.32887 -0.0664131
280 55 1.90792 -0.112676
280 60 2.45408 -0.146529
280 65 2.89557 -0.158674
280 70 3.14179 -0.147312
280 75 3.12623 -0.117368
280 80 2.83319 -0.07827
280 85 2.30047 -0.041027
280 90 1.60038 -0.0146582
280 95 0.806508 -0.00249684

285 0 0 0
285 5 0 0
285 10 0 0
285 15 0 0
285 20 0 0
285 25 0 0
285 30 0 0
285 35 0 0
285 40 0.112477 -0.000488881
285 45 0.770755 -0.0198792
285 50 1.37389 -0.0576821
285 55 1.94779 -0.0981638
285 60 2.47652 -0.127292
285 65 2.8953 -0.136617
285 70 3.1208 -0.124857
285 75 3.09202 -0.0970389
285 80 2.79617 -0.0622056
285 85 2.27069 -0.0304531
285 90 1.58382 -0.0094535
285 95 0.802162 -0.00114953

290 0 0 0
290 5 0 0
290 10 0 0
290 15 0 0
290 20 0 0
290 25 0 0
290 30 0 0
290 35 0 0
290 40 0.117411 -0.000368681
290 45 0.79981 -0.0167803
290 50 1.41314 -0.0492378
290 55 1.98244 -0.0841522
290 60 2.49533 -0.108841
290 65 2.89363 -0.115654
290 70 3.10089 -0.103726
290 75 3.06122 -0.0781048
290 80 2.7642 -0.0474029
290 85 2.24647 -0.0208099
290 90 1.57193 -0.0047503
290 95 0.800437 5.76121e-05

295 0 0 0
295 5 0 0
295 10 0 0
295 15 0 0
295 20 0 0
295 25 0 0
295 30 0 0
295 35 0 0
295 40 0.121506 -0.000254291
295 45 0.824409 -0.0138221
295 50 1.44682 -0.041132
295 55 2.01212 -0.0706979
295 60 2.51079 -0.0912013
295 65 2.8908 -0.0957538
295 70 3.08219 -0.0838296
295 75 3.03376 -0.0604305
295 80 2.73703 -0.0337031
295 85 2.22741 -0.0119532
295 90 1.56432 -0.000455653
295 95 0.801089 0.00115451

300 0 0 0
300 5 0 0
300 10 0 0
300 15 0 0
300 20 0 0
300 25 0 0
300 30 0 0
300 35 0 0
300 40 0.124806 -0.000146696
300 45 0.844732 -0.0110053
300 50 1.4751 -0.033365
300 55 2.03704 -0.0577831
300 60 2.52312 -0.0743101
300 65 2.88698 -0.0767957
300 70 3.06477 -0.0649946
300 75 3.00957 -0.043808
300 80 2.71443 -0.0208947
300 85 2.21317 -0.00370721
300 90 1.56066 0.00353761
300 95 0.803932 0.00217495

305 0 0 0
305 5 0 0
305 10 0 0
305 15 0 0
305 20 0 0
305 25 0 0
305 30 0 0
305 35 0 0
305 40 0.127353 -4.61117e-05
305 45 0.860951 -0.00831347
305 50 1.49818 -0.0258943
305 55 2.05735 -0.0453275
305 60 2.53249 -0.0580327
305 65 2.8823 -0.0585849
305 70 3.04865 -0.0469777
305 75 2.98855 -0.0279713
305 80 2.69617 -0.00872505
305 85 2.20348 0.00412852
305 90 1.56071 0.0073488
305 95 0.808849 0.00315622

310 0 0 0
310 5 0 0
310 10 0 0
310 15 0 0
310 20 0 0
310 25 0 0
310 30 0 0
310 35 0 0
310 40 0.129182 4.78339e-05
310 45 0.873201 -0.00571685
310 50 1.51618 -0.018643
310 55 2.07317 -0.0331982
310 60 2.53899 -0.0421725
310 65 2.87684 -0.0408635
310 70 3.03385 -0.0294774
310 75 2.9706 -0.0126063
310 80 2.68208 0.00309485
310 85 2.19812 0.0117777
310 90 1.56432 0.0111092
310 95 0.815791 0.00413927

315 0 0 0
315 5 0 0
315 10 0 0
315 15 0 0
315 20 0 0
315 25 0 0
315 30 0 0
315 35 0 0
315 40 0.130314 0.000135959
315 45 0.881572 -0.00317532
315 50 1.52918 -0.0115059
315 55 2.08456 -0.0212169
315 60 2.54266 -0.0264777
315 65 2.8706 -0.0233158
315 70 3.02033 -0.0121378
315 75 2.95565 0.00264848
315 80 2.67203 0.01489
315 85 2.19698 0.0194888
315 90 1.57146 0.014964
315 95 0.824791 0.00516946

320 0 0 0
320 5 0 0
320 10 0 0
320 15 0 0
320 20 0 0
320 25 0 0
320 30 0 0
320 35 0 0
320 40 0.130758 0.000219425
320 45 0.886084 -0.000640498
320 50 1.53716 -0.00435326
320 55 2.09147 -0.00916472
320 60 2.54347 -0.0106435
320 65 2.86355 -0.00556814
320 70 3.00805 0.00545371
320 75 2.94363 0.0182049
320 80 2.66597 0.0270265
320 85 2.20006 0.0275398
320 90 1.5822 0.0190757
320 95 0.835969 0.00629786

325 0 0 0
325 5 0 0
325 10 0 0
325 15 0 0
325 20 0 0
325 25 0 0
325 30 0 0
325 35 0 0
325 40 0.130506 0.000299694
325 45 0.886685 0.00194301
325 50 1.54003 0.00296667
325 55 2.09378 0.00321736
325 60 2.54129 0.00568835
325 65 2.85559 0.0128149
325 70 2.99695 0.0237733
325 75 2.93451 0.0345339
325 80 2.66391 0.0399208
325 85 2.20745 0.0362467
325 90 1.59673 0.02363
325 95 0.849548 0.00758334

330 0 0 0
330 5 0 0
330 10 0 0
330 15 0 0
330 20 0 0
330 25 0 0
330 30 0 0
330 35 0 0
330 40 0.129536 0.000378554
330 45 0.883232 0.00463763
330 50 1.53756 0.010629
330 55 2.09124 0.0162311
330 60 2.5359 0.0229363
330 65 2.84658 0.0323395
330 70 2.98693 0.0433715
330 75 2.9283 0.0521779
330 80 2.66596 0.0540517
330 85 2.21938 0.0459747
330 90 1.61541 0.0288436
330 95 0.865865 0.00909534

335 0 0 0
335 5 0 0
335 10 0 0
335 15 0 0
335 20 0 0
335 25 0 0
335 30 0 0
335 35 0 0
335 40 0.127805 0.000458258
335 45 0.875482 0.00751409
335 50 1.52941 0.0188367
335 55 2.08346 0.03023
335 60 2.52698 0.0415906
335 65 2.83628 0.0535965
335 70 2.97792 0.0648885
335 75 2.92504 0.0717668
335 80 2.67231 0.0699773
335 85 2.23624 0.0571528
335 90 1.63877 0.0349746
335 95 0.885401 0.0109178

340 0 0 0
340 5 0 0
340 10 0 0
340 15 0 0
340 20 0 0
340 25 0 0
340 30 0 0
340 35 0 0
340 40 0.12525 0.000541808
340 45 0.863073 0.0106548
340 50 1.51505 0.0278309
340 55 2.06991 0.0456364
340 60 2.51404 0.062234
340 65 2.82438 0.077283
340 70 2.96978 0.0890755
340 75 2.92481 0.0940391
340 80 2.6833 0.088355
340 85 2.25857 0.0702928
340 90 1.66752 0.0423369
340 95 0.908805 0.0131545

345 0 0 0
345 5 0 0
345 10 0 0
345 15 0 0
345 20 0 0
345 25 0 0
345 30 0 0
345 35 0 0
345 40 0.121788 0.000633472
345 45 0.845503 0.0141601
345 50 1.49378 0.0379089
345 55 2.04985 0.0629705
345 60 2.4965 0.0855758
345 65 2.81049 0.104233
345 70 2.9624 0.11682
345 75 2.92779 0.119864
345 80 2.69937 0.109965
345 85 2.28713 0.0860131
345 90 1.70265 0.0513185
345 95 0.936941 0.0159367

350 0 0 0
350 5 0 0
350 10 0 0
350 15 0 0
350 20 0 0
350 25 0 0
350 30 0 0
350 35 0 0
350 40 0.117306 0.000739644
350 45 0.822087 0.0181605
350 50 1.46462 0.0494585
350 55 2.0223 0.082902
350 60 2.47357 0.112503
350 65 2.79416 0.135459
350 70 2.95565 0.149172
350 75 2.93418 0.150264
350 80 2.7211 0.135736
350 85 2.32287 0.105068
350 90 1.74539 0.0624086
350 95 0.970944 0.0194351

355 0 0 0
355 5 0 0
355 10 0 0
355 15 0 0
355 20 0 0
355 25 0 0
355 30 0 0
355 35 0 0
355 40 0.111652 0.000870245
355 45 0.791899 0.0228413
355 50 1.42627 0.0630253
355 55 1.98601 0.106344
355 60 2.44432 0.144168
355 65 2.77486 0.172196
355 70 2.94942 0.187361
355 75 2.94429 0.186417
355 80 2.74923 0.16676
355 85 2.367 0.128387
355 90 1.79738 0.0762425
355 95 1.01231 0.0238809

360 0 0 0
360 5 0 0
360 10 0 0
360 15 0 0
360 20 0 0
360 25 0 0
360 30 0 0
360 35 0 0
360 40 0.104624 0.00104088
360 45 0.753642 0.0284916
360 50 1.37695 0.079455
360 55 1.93939 0.134648
360 60 2.40773 0.182132
360 65 2.75214 0.215957
360 70 2.94371 0.232762
360 75 2.95849 0.229619
360 80 2.78458 0.204305
360 85 2.42096 0.157141
360 90 1.86063 0.0936873
360 95 1.06301 0.0296097

365 0 0 0
365 5 0 0
365 10 0 0
365 15 0 0
365 20 0 0
365 25 0 0
365 30 0 0
365 35 0 0
365 40 0.0959322 0.00127541
365 45 0.705412 0.0356044
365 50 1.31411 0.10022
365 55 1.88047 0.170026
365 60 2.36288 0.228642
365 65 2.7259 0.268543
365 70 2.93875 0.286755
365 75 2.97719 0.281136
365 80 2.82795 0.249785
365 85 2.48631 0.19287
365 90 1.93768 0.11603
365 95 1.12576 0.0371612

370 0 0 0
370 5 0 0
370 10 0 0
370 15 0 0
370 20 0 0
370 25 0 0
370 30 0 0
370 35 0 0
370 40 0.0851606 0.0016049
370 45 0.644119 0.045082
370 50 1.23381 0.128268
370 55 1.80699 0.216599
370 60 2.30968 0.287151
370 65 2.69701 0.331912
370 70 2.93526 0.350261
370 75 3.00063 0.341822
370 80 2.87969 0.304702
370 85 2.56446 0.237761
370 90 2.03169 0.145414
370 95 1.20446 0.0475228

375 0 0 0
375 5 0 0
375 10 0 0
375 15 0 0
375 20 0 0
375 25 0 0
375 30 0 0
375 35 0 0
375 40 0.0717703 0.00205301
375 45 0.563888 0.059026
375 50 1.12914 0.170823
375 55 1.71708 0.283172
375 60 2.25077 0.363217
375 65 2.6688 0.407481
375 70 2.9347 0.42257
375 75 3.02829 0.411273
375 80 2.93871 0.370506
375 85 2.65594 0.295286
375 90 2.14653 0.185879
375 95 1.30524 0.0627487

380 0 0 0
380 5 0 0
380 10 0 0
380 15 0 0
380 20 0 0
380 25 0 0
380 30 0 0
380 35 0 0
380 40 0.054884 0.00273354
380 45 0.449803 0.0869603
380 50 0.987263 0.251647
380 55 1.61378 0.391241
380 60 2.19725 0.465355
380 65 2.64976 0.493596
380 70 2.93925 0.498676
380 75 3.05722 0.486225
380 80 3.00026 0.44837
380 85 2.75846 0.371508
380 90 2.28671 0.245807
380 95 1.4389 0.087637

385 0 0 0
385 5 0 0
385 10 0 0
385 15 0 0
385 20 0 0
385 25 0 0
385 30 0 0
385 35 0 0
385 40 0.027581 0.0052983
385 45 0.249637 0.184798
385 50 0.791882 0.464542
385 55 1.52848 0.59603
385 60 2.18324 0.601544
385 65 2.65663 0.578024
385 70 2.94984 0.56438
385 75 3.07866 0.558136
385 80 3.05183 0.538664
385 85 2.86273 0.477188
385 90 2.45601 0.343572
385 95 1.6267 0.134814

390 0 0 0
390 5 0 0
390 10 0 0
390 15 0 0
390 20 0 0
390 25 0 0
390 30 0 0
390 35 0 0
390 40 -0.0584793 0.0181803
390 45 -0.227484 0.558179
390 50 0.573754 1.0907
390 55 1.61064 0.99118
390 60 2.28955 0.749255
390 65 2.71017 0.621831
390 70 2.95919 0.590655
390 75 3.07246 0.610923
390 80 3.06713 0.639326
390 85 2.9432 0.628751
390 90 2.6487 0.51908
390 95 1.91447 0.243681

395 0 0 0
395 5 0 0
395 10 0 0
395 15 0 0
395 20 0 0
395 25 0 0
395 30 0 0
395 35 0 0
395 40 -0.342938 0.0489368
395 45 -1.39973 1.24583
395 50 0.585591 2.21769
395 55 2.2119 1.33627
395 60 2.5923 0.748542
395 65 2.80322 0.546084
395 70 2.93917 0.535003
395 75 3.00248 0.621462
395 80 3.00269 0.741379
395 85 2.94484 0.838161
395 90 2.80947 0.840453
395 95 2.38303 0.570909

